1.181779290956917139e+00 9.217883263393873618e-05 6.862053456929340296e-05 2.169971834972885270e-05
1.650475667020440351e+00 2.982903683453337184e-03 1.302818215145431005e-04 4.119872937014837854e-05
2.305058100333515103e+00 2.291886356986452041e-03 1.100460725058229294e-04 3.479962366744335575e-05
3.219249427351344117e+00 1.616353241993416252e-03 8.521980259463395339e-05 2.694886779489702089e-05
4.496011130479927509e+00 1.230364679770142369e-03 7.966672671356682487e-05 2.519283101450518026e-05
6.279139452089780526e+00 9.266477870802610536e-04 7.518188433496242025e-05 2.377459932818146694e-05
8.769460553933528857e+00 7.221645733845951948e-04 7.112580474181143155e-05 2.249195433965284433e-05
1.224744871391571444e+01 5.831559031455822153e-04 6.447863178131494168e-05 2.038993368402751080e-05
1.710481495155556431e+01 4.650778026868821781e-04 6.345360694994512762e-05 2.006579237149164733e-05
2.388862377472463194e+01 3.703489820123410719e-04 6.366299644173694435e-05 2.013200714270837406e-05
3.336290672927862033e+01 2.849777323232872495e-04 6.082846622834997487e-05 1.923564998562178450e-05
4.659471202373191545e+01 2.057353830052676053e-04 5.474160083258895298e-05 1.731081413947507968e-05
6.507428163233454654e+01 1.401035200954697400e-04 4.397390764932783582e-05 1.390577057897768155e-05
9.088289091276736542e+01 8.997320626902092090e-05 4.085494885066535530e-05 1.291946920577808502e-05
1.269272538009529114e+02 5.492634418730029256e-05 4.370668293017847749e-05 1.382126670301660369e-05
