1.105013710352757528e+00 3.575694092857065274e-03
1.349282847673563213e+00 2.969505306625659646e-03
1.647548972442065551e+00 2.580069020769977257e-03
2.011748404921259947e+00 2.095114433801672452e-03
2.456456052231580589e+00 1.688631856625784529e-03
2.999468681960427041e+00 1.560061665301109733e-03
3.662517131494461786e+00 1.338610231408415060e-03
4.472135954999578722e+00 1.006642927009673968e-03
5.460725310474971117e+00 8.832127610067639798e-04
6.667847582568580123e+00 8.039692769664965851e-04
8.141810630738087085e+00 6.544113796436720016e-04
9.941601022809212651e+00 5.331439583196279997e-04
1.213924462005834393e+01 4.800397234403517080e-04
1.482268898213895270e+01 4.407051689409267350e-04
1.809932294289391663e+01 3.962957270161071056e-04
2.210027420705515055e+01 3.498127204418228077e-04
2.698565695347125981e+01 2.823846659974452340e-04
3.295097944884130925e+01 2.473570577540118833e-04
4.023496809842519184e+01 2.138789320887435374e-04
4.912912104463160290e+01 1.720060391066233413e-04
5.998937363920854438e+01 1.302185689211766951e-04
7.325034262988924638e+01 9.577898360323731464e-05
8.944271909999159220e+01 6.683501659548894615e-05
1.092145062094994330e+02 4.358505544037091214e-05
1.333569516513716167e+02 2.857118896665749845e-05
1.628362126147617346e+02 1.603539076867406649e-05
1.988320204561842104e+02 9.117166589302485167e-06
2.427848924011668430e+02 0.000000000000000000e+00
2.964537796427790113e+02 0.000000000000000000e+00
3.619864588578782332e+02 0.000000000000000000e+00
