1.112850189781497745e+00 1.036649872293076563e-02 1.123407793156474188e-03 3.552527367557777710e-04
1.340451056167557775e+00 9.386415196605532585e-03 1.135656058478964154e-03 3.591259783362902506e-04
1.702116424269255024e+00 7.482598084025580791e-03 7.143870510678623168e-04 2.259090212305468021e-04
2.012149681672631196e+00 6.395476082997765543e-03 6.892327946261667506e-04 2.179545469101747482e-04
2.518422605676448267e+00 5.178604716283097785e-03 6.072932683247203676e-04 1.920429935593904298e-04
2.982192486581711321e+00 4.618529188896419897e-03 5.697959663379044458e-04 1.801853055204408931e-04
3.652576537872687545e+00 3.998879629080272571e-03 4.996764827778068857e-04 1.580115778799768644e-04
4.504474524228135657e+00 3.239009009051931672e-03 4.469337724190458236e-04 1.413328684095527179e-04
5.500367783727989845e+00 2.736405847797511361e-03 4.082490975693959905e-04 1.290997001027601940e-04
6.722569989733041318e+00 2.372401475943489591e-03 3.903200243201888106e-04 1.234300293224111465e-04
8.215105435034031345e+00 2.028262997976562794e-03 3.722789767917310255e-04 1.177249491658833550e-04
1.002005885279959330e+01 1.785585489149978892e-03 3.662412612347639698e-04 1.158156558634585559e-04
1.223724387754379350e+01 1.589765900984036005e-03 3.433920697170477084e-04 1.085901070745202594e-04
1.494017342279471805e+01 1.411452204964439624e-03 3.189647760005697146e-04 1.008655185527212745e-04
1.824273674675598400e+01 1.244522778593603078e-03 3.047955579090411344e-04 9.638481836943183607e-05
2.227396447455048190e+01 1.093122123189323083e-03 2.901993435722428579e-04 9.176909011740317236e-05
2.719577775459142188e+01 9.521814582706804872e-04 2.869614783831206254e-04 9.074518724198336504e-05
3.320276251936757461e+01 8.167257366086770739e-04 2.869223037631104785e-04 9.073279913941299389e-05
4.051824883986483883e+01 6.939770928084655838e-04 2.887434386097191249e-04 9.130869254357146790e-05
4.946643506251658096e+01 5.709125778814406419e-04 2.791893267357426823e-04 8.828741708938894978e-05
6.037083737346862478e+01 4.555444367607255690e-04 2.645988031733232629e-04 8.367348841822902115e-05
7.368224063247114941e+01 3.595432998464237690e-04 2.565912080153029775e-04 8.114126449024101635e-05
8.988495564130622029e+01 2.849562634199289367e-04 2.615843968399187629e-04 8.272024943754950762e-05
1.095855260425866362e+02 2.067224708651674986e-04 2.524746266335290649e-04 7.983948715625613661e-05
1.333891096345859637e+02 1.381969374144819112e-04 2.092087014433805187e-04 6.615760028872383640e-05
1.615692601802654167e+02 7.901793165454492609e-05 1.538989672674015603e-04 4.866712661126885965e-05
1.890699176105397896e+02 4.662372914884827804e-05 1.112845770865480635e-04 3.519127320420768599e-05
2.427848924011641998e+02 0.000000000000000000e+00 0.000000000000000000e+00 0.000000000000000000e+00
2.964537796427781586e+02 0.000000000000000000e+00 0.000000000000000000e+00 0.000000000000000000e+00
3.619864588578744247e+02 0.000000000000000000e+00 0.000000000000000000e+00 0.000000000000000000e+00
