1.181779290956922912e+00 9.808388228878302945e-03 7.193416118871107188e-04 2.274757909300122801e-04
1.650475667020479875e+00 7.119643888669295421e-03 6.026056833035123858e-04 1.905606490201198382e-04
2.305058100333478244e+00 5.248699444034467948e-03 4.538809470150525160e-04 1.435297579121768265e-04
3.219249427351372539e+00 4.127038988278684123e-03 3.886646893890186266e-04 1.229065664551175587e-04
4.496011130479927509e+00 2.992931537040940688e-03 3.089075483332772505e-04 9.768514391517064434e-05
6.279139452089679274e+00 2.307013100906917923e-03 2.597919914925399189e-04 8.215344109875125892e-05
8.769460553933537739e+00 1.812742618924491084e-03 2.353899893512090497e-04 7.443685047526009890e-05
1.224744871391589918e+01 1.484789079580867534e-03 2.260760014730300534e-04 7.149150889583565181e-05
1.710481495155567089e+01 1.206274733145659868e-03 2.079699669357708324e-04 6.576587804269445154e-05
2.388862377472457510e+01 9.704467526542208747e-04 2.070224098659469386e-04 6.546623418733057889e-05
3.336290672927862033e+01 7.400146293861881251e-04 2.049804810936243626e-04 6.482051961329350664e-05
4.659471202373141097e+01 5.528936006035684459e-04 1.936920196704857279e-04 6.125079467568712334e-05
6.507428163233633711e+01 3.700279699890647502e-04 1.835944839182844090e-04 5.805767350249335564e-05
9.088289091276911336e+01 2.326381696300484426e-04 1.623926695767326006e-04 5.135307111776066843e-05
1.269272538009522293e+02 1.145075450554534013e-04 1.544332035211309277e-04 4.883606694831089988e-05
