1.105013710352757528e+00 5.570307922399121529e-03
1.349282847673563213e+00 4.767470169988931999e-03
1.647548972442065551e+00 3.947514788757912341e-03
2.011748404921259947e+00 3.127874384955953071e-03
2.456456052231580589e+00 2.584491187479022716e-03
2.999468681960427041e+00 2.248663477672427791e-03
3.662517131494461786e+00 2.012683754047874408e-03
4.472135954999578722e+00 1.584332257851228144e-03
5.460725310474971117e+00 1.296484965141687365e-03
6.667847582568580123e+00 1.197495511503786402e-03
8.141810630738087085e+00 9.897729649150019404e-04
9.941601022809212651e+00 8.300136199126475784e-04
1.213924462005834393e+01 7.595193316357759733e-04
1.482268898213895270e+01 6.519704344847053554e-04
1.809932294289391663e+01 5.655598344449916035e-04
2.210027420705515055e+01 5.012368596371254365e-04
2.698565695347125981e+01 4.265412130724966118e-04
3.295097944884130925e+01 3.591929030317829083e-04
4.023496809842519184e+01 2.935141420660317721e-04
4.912912104463160290e+01 2.361013177766130831e-04
5.998937363920854438e+01 1.877207050245626547e-04
7.325034262988924638e+01 1.429945128995040030e-04
8.944271909999159220e+01 1.121222478976333916e-04
1.092145062094994330e+02 1.080111205632614885e-04
1.333569516513716167e+02 1.067233884443385858e-04
1.628362126147617346e+02 9.489431941993359450e-05
1.988320204561842104e+02 7.325408931439252491e-05
2.427848924011668430e+02 0.000000000000000000e+00
2.964537796427790113e+02 0.000000000000000000e+00
3.619864588578782332e+02 0.000000000000000000e+00
