1.181779290956936679e+00 -1.099582108755830205e-04 5.539800119226618918e-04 1.238736964835215838e-04
1.650475667020468773e+00 2.596550183045233905e-04 4.394207605915799973e-03 9.825746914074334239e-04
2.305058100333494675e+00 2.052940344619186329e-04 3.444488588520957118e-03 7.702110631655161412e-04
3.219249427351393855e+00 1.414431388974046126e-04 2.428368725391010039e-03 5.429997544408817932e-04
4.496011130479915963e+00 9.595990938245408546e-05 1.817711535438921999e-03 4.064526556726947583e-04
6.279139452089697038e+00 7.205804644291968037e-05 1.402719274965389404e-03 3.136575652171829623e-04
8.769460553933432934e+00 5.684601642432438853e-05 1.111261260133941404e-03 2.484855718421570179e-04
1.224744871391589385e+01 4.401125433662362999e-05 8.852652423467742560e-04 1.979513260005212583e-04
1.710481495155585918e+01 3.229246037112532436e-05 6.896729006476867534e-04 1.542155488087686122e-04
2.388862377472441167e+01 2.417716232164844137e-05 5.209459732967940517e-04 1.164870608896421625e-04
3.336290672927862033e+01 1.932239410444134447e-05 3.732564616516213687e-04 8.346268212940688197e-05
4.659471202373126175e+01 1.324559988040543005e-05 2.472485021946430094e-04 5.528644582422276624e-05
6.507428163233633711e+01 3.683563048064379986e-06 1.443771344697049872e-04 3.228370870708883946e-05
9.088289091276845966e+01 -9.425441248454877148e-06 7.828099132642131746e-05 1.750416179519494850e-05
1.269272538009517604e+02 -1.538974030879957148e-05 4.160605979921520230e-05 9.303397798696644365e-06
