1.181779290956936679e+00 7.837565375607995124e-04 2.674835698451173607e-03 5.981114450379952999e-04
1.650475667020468773e+00 2.882217711341789361e-04 2.771223801756659503e-03 6.196644801593290943e-04
2.305058100333494675e+00 2.233521521254243304e-04 2.147986151736116893e-03 4.803043050010135143e-04
3.219249427351393855e+00 1.929374449140944844e-04 1.536446036905252848e-03 3.435597782280296075e-04
4.496011130479915963e+00 1.193405245814320507e-04 1.104073307932905857e-03 2.468782968681035219e-04
6.279139452089697038e+00 8.066716323098542855e-05 8.098300221579986247e-04 1.810834979765445902e-04
8.769460553933432934e+00 5.680741670677372853e-05 6.152623796348103422e-04 1.375768504861718164e-04
1.224744871391589385e+01 4.249384184827709139e-05 4.838957402559227773e-04 1.082023769234824755e-04
1.710481495155585918e+01 3.151916431070219798e-05 3.774971688036096208e-04 8.441093307585839926e-05
2.388862377472441167e+01 2.294216171911185500e-05 2.893416436770964123e-04 6.469875839835097881e-05
3.336290672927862033e+01 1.570906454706722340e-05 2.118949658030172740e-04 4.738115476255399475e-05
4.659471202373126175e+01 8.905675883821829479e-06 1.515382650823446635e-04 3.388498619165054203e-05
6.507428163233633711e+01 3.892543061546785847e-06 1.058764356619143140e-04 2.367469073554233195e-05
9.088289091276845966e+01 3.467720811386029822e-06 7.246146755633529240e-05 1.620287672053612670e-05
1.269272538009517604e+02 6.567126257235675739e-07 4.514471488785648610e-05 1.009466513140938874e-05
