1.181779290956937123e+00 6.541660520899823632e-04
1.650475667020468551e+00 4.844423335690770582e-04
2.305058100333493787e+00 3.347248762951399149e-04
3.219249427351394743e+00 2.774089047556477184e-04
4.496011130479917739e+00 1.937327299519340292e-04
6.279139452089698814e+00 1.579365945257264878e-04
8.769460553933432934e+00 1.161458289248443806e-04
1.224744871391588852e+01 9.663190532315616712e-05
1.710481495155586629e+01 7.520156538276538585e-05
2.388862377472441878e+01 6.012566867920620821e-05
3.336290672927862033e+01 4.567370448690594647e-05
4.659471202373124754e+01 3.448686643081391701e-05
6.507428163233632290e+01 2.315061542094428115e-05
9.088289091276841702e+01 1.563019584265781323e-05
1.269272538009517319e+02 8.482361165737790194e-06
