1.105013710352757528e+00 6.761343162734617402e-04
1.349282847673563213e+00 6.167784952238473993e-04
1.647548972442065551e+00 4.818598634057200841e-04
2.011748404921259947e+00 3.797725273406127007e-04
2.456456052231580589e+00 3.047270599156380144e-04
2.999468681960427041e+00 2.579197579723019025e-04
3.662517131494461786e+00 2.492444599978945667e-04
4.472135954999578722e+00 1.922948983900935451e-04
5.460725310474971117e+00 1.588165733306894480e-04
6.667847582568580123e+00 1.532495655265782265e-04
8.141810630738087085e+00 1.119719541252827446e-04
9.941601022809212651e+00 1.075158343972388870e-04
1.213924462005834393e+01 9.780341602117542037e-05
1.482268898213895270e+01 8.444518412638917968e-05
1.809932294289391663e+01 7.321371963661338030e-05
2.210027420705515055e+01 6.183614081535405581e-05
2.698565695347125981e+01 5.470347267497920946e-05
3.295097944884130925e+01 4.715096293741817871e-05
4.023496809842519184e+01 3.991697328572996661e-05
4.912912104463160290e+01 3.188443100420126376e-05
5.998937363920854438e+01 2.628647306761685052e-05
7.325034262988924638e+01 2.054633317266378050e-05
8.944271909999159220e+01 1.540196358428632352e-05
1.092145062094994330e+02 1.151059455200718040e-05
1.333569516513716167e+02 7.566471745718668275e-06
1.628362126147617346e+02 5.086182318664505948e-06
1.988320204561842104e+02 3.008271118223696011e-06
2.427848924011668430e+02 1.698556101930774253e-06
2.964537796427790113e+02 9.112076992003294686e-07
3.619864588578782332e+02 1.493917485787626882e-07
