1.169185386853303754e+00 -3.343545660066181522e-05 2.687115442478455580e-04 8.497405134043089267e-05
1.726941638523890488e+00 -8.503278863697906671e-05 1.933134344851112165e-04 6.113107552826907193e-05
2.391071102698707929e+00 -7.441764505937546487e-05 1.422188022665242903e-04 4.497353412633338382e-05
3.315546823563912504e+00 -7.509220917198827512e-05 1.206295179886498976e-04 3.814640298923871687e-05
4.640033433425312381e+00 -7.120315619171520369e-05 1.087972628269053086e-04 3.440471537249902917e-05
6.439063309748607189e+00 -6.671370150724848652e-05 1.038276852323021139e-04 3.283319695171032756e-05
8.967865218260609339e+00 -6.220019157639792792e-05 1.057265288457426668e-04 3.343366402560397601e-05
1.251931042612778100e+01 -6.005354765422560098e-05 1.192148197671787682e-04 3.769903613107491086e-05
1.748301534557110770e+01 -6.601695937225954486e-05 1.118326031389863553e-04 3.536457425848926717e-05
2.440241239320267397e+01 -7.179274661125440826e-05 9.622575317272753553e-05 3.042925495909928324e-05
3.406164224185901901e+01 -7.027532769975635568e-05 1.057159181126677872e-04 3.343030861718790679e-05
4.750883342394988063e+01 -6.150352348941552291e-05 1.072177095880698079e-04 3.390521678047742050e-05
6.620910320242140301e+01 -5.413695380623780593e-05 1.036990047247113154e-04 3.279250460226498180e-05
9.211977767546861173e+01 -5.156346112542090901e-05 1.075955958487364965e-04 3.402471490849650189e-05
1.273677751320989273e+02 -2.087223815101113493e-05 1.328118421344384227e-04 4.199879213875441178e-05
