1.181779290956922912e+00 2.691914008743683665e-05 2.432425530853803781e-04 7.692004916242193831e-05
1.650475667020479875e+00 -4.689559737813650444e-05 1.918139623357068241e-04 6.065690080025845833e-05
2.305058100333478244e+00 -1.942391118434880519e-05 1.989449242450704492e-04 6.291190895440768027e-05
3.219249427351372539e+00 -2.702963200137391495e-05 2.130200219009724806e-04 6.736284564260240735e-05
4.496011130479927509e+00 -1.925049622324971645e-05 2.220928852776862957e-04 7.023193695959660510e-05
6.279139452089679274e+00 -8.262671567864500021e-06 2.241469676332727889e-04 7.088149483411832993e-05
8.769460553933537739e+00 -8.985955758768983780e-06 2.202966208120931996e-04 6.966390826046667414e-05
1.224744871391589918e+01 -1.333263465996905280e-05 2.178027708750124097e-04 6.887528366608238416e-05
1.710481495155567089e+01 -2.043240117995996316e-05 2.231098670588728145e-04 7.055353483634104112e-05
2.388862377472457510e+01 -2.215896438326313080e-05 2.251998828069383743e-04 7.121445584729182510e-05
3.336290672927862033e+01 -1.147905626570024212e-05 2.326379517473563295e-04 7.356657977179942385e-05
4.659471202373141097e+01 4.187005430243285122e-06 2.432676186535259234e-04 7.692797559104054691e-05
6.507428163233633711e+01 1.243715745552897509e-05 2.434448168762164046e-04 7.698401058914411117e-05
9.088289091276911336e+01 2.206935460276257386e-05 2.117970867374111498e-04 6.697611958784597738e-05
1.269272538009522293e+02 4.503364454303905899e-05 1.748530170636531853e-04 5.529337896734308933e-05
