1.181779290956922912e+00 3.728393841749768505e-04 9.136395407297718402e-03 4.085920240006915105e-04
1.650475667020479875e+00 8.060779536692055935e-03 3.342541153910700419e-02 1.494829847546982502e-03
2.305058100333477800e+00 6.404197929858248053e-03 2.684218855951119379e-02 1.200419165678683758e-03
3.219249427351373427e+00 4.602482576499561384e-03 2.000716522788284144e-02 8.947476297323220511e-04
4.496011130479927509e+00 3.488812969954914987e-03 1.601322726523868659e-02 7.161332940845351351e-04
6.279139452089679274e+00 2.634899340704592585e-03 1.303975854116215527e-02 5.831557301644413023e-04
8.769460553933535962e+00 2.040425533826456788e-03 1.088076159124988680e-02 4.866024513000705436e-04
1.224744871391589918e+01 1.607876247630881999e-03 9.232757423503708955e-03 4.129014643744021275e-04
1.710481495155566734e+01 1.277496225686016677e-03 7.848502814224042612e-03 3.509957162840672117e-04
2.388862377472457155e+01 1.001909732760908854e-03 6.895136126147353474e-03 3.083598618436009546e-04
3.336290672927862033e+01 7.804254784218333553e-04 6.034607981216807450e-03 2.698758732712710920e-04
4.659471202373141097e+01 6.136230083135355050e-04 5.410139033727723312e-03 2.419487729428043200e-04
6.507428163233633711e+01 4.714993737565910045e-04 4.737807213612743942e-03 2.118811798785392281e-04
9.088289091276912757e+01 3.138387629346967413e-04 4.028945897845589465e-03 1.801799381050332271e-04
1.269272538009522151e+02 1.853444502934420662e-04 3.244200224181043989e-03 1.450850446777774121e-04
