1.105013710352757528e+00 6.968285735689343490e-04
1.349282847673563213e+00 6.430080925896999389e-04
1.647548972442065551e+00 4.853970892328704836e-04
2.011748404921259947e+00 4.011975407081850415e-04
2.456456052231580589e+00 3.576048609334251641e-04
2.999468681960427041e+00 3.161866222721422190e-04
3.662517131494461786e+00 2.536279129036691929e-04
4.472135954999578722e+00 2.092719169198685328e-04
5.460725310474971117e+00 1.712556326306137336e-04
6.667847582568580123e+00 1.463881618751885821e-04
8.141810630738087085e+00 1.458689988516296426e-04
9.941601022809212651e+00 1.258144305576617877e-04
1.213924462005834393e+01 1.080045873446676440e-04
1.482268898213895270e+01 9.175465444031598815e-05
1.809932294289391663e+01 7.134933432275788394e-05
2.210027420705515055e+01 6.958836281489078665e-05
2.698565695347125981e+01 5.862572260799809839e-05
3.295097944884130925e+01 5.141632557697735551e-05
4.023496809842519184e+01 3.695325817452056359e-05
4.912912104463160290e+01 3.036507566806746222e-05
5.998937363920854438e+01 2.547196341896883320e-05
7.325034262988924638e+01 1.997582412846446426e-05
8.944271909999159220e+01 1.452536484984045293e-05
1.092145062094994330e+02 1.009968940267709224e-05
1.333569516513716167e+02 7.440913650889066483e-06
1.628362126147617346e+02 4.459069131849420888e-06
1.988320204561842104e+02 2.937190175485856462e-06
2.427848924011668430e+02 0.000000000000000000e+00
2.964537796427790113e+02 0.000000000000000000e+00
3.619864588578782332e+02 0.000000000000000000e+00
