1.169043152266823871e+00 1.547133987009339205e-02 1.700212474658356881e-03 5.376543926151718588e-04
1.726913622042217877e+00 1.145468305416745200e-02 1.222775389297624899e-03 3.866755296979572159e-04
2.391919644152271651e+00 8.557061434787413892e-03 1.055317738412529099e-03 3.337207708561358370e-04
3.315481789090534370e+00 6.812676453045789400e-03 9.314501911089323981e-04 2.945504130903344310e-04
4.639250154990167907e+00 5.065326364926061795e-03 7.988260219581878570e-04 2.526109683599552739e-04
6.438375583566795513e+00 3.987881138408472595e-03 7.129953748446255131e-04 2.254689345674538786e-04
8.966302160217196615e+00 3.173939030795763696e-03 6.516789373670267083e-04 2.060789745238016904e-04
1.251753915461168276e+01 2.620390123545699064e-03 6.097501769236920001e-04 1.928199362769507971e-04
1.747454033665886541e+01 2.174039350255990450e-03 5.682677890541993791e-04 1.797020534319371601e-04
2.438637454129008475e+01 1.788676649320018654e-03 5.323244680232975612e-04 1.683357773191090706e-04
3.402371969536648066e+01 1.434936334093463769e-03 5.023096084743368253e-04 1.588442453366320582e-04
4.740081533138096859e+01 1.135080398726420487e-03 4.672221375550848288e-04 1.477486127926562270e-04
6.592262487211363009e+01 8.576503557764514341e-04 3.792240388763521699e-04 1.199211706337513430e-04
9.113102432753737503e+01 5.922465248310089959e-04 2.769644380466920589e-04 8.758384550961434000e-05
1.205872251171528831e+02 3.607650994763509093e-04 1.569655546862154831e-04 4.963686670001572835e-05
