1.181779290956917139e+00 1.556185121940229996e-02 9.057966706468166714e-04 2.864380576241323242e-04
1.650475667020440351e+00 1.147108732062112300e-02 6.406545192217274034e-04 2.025927474020781894e-04
2.305058100333515103e+00 8.518283913885132258e-03 5.430150234133360393e-04 1.717164277675801813e-04
3.219249427351344117e+00 6.733210224483206219e-03 4.942884020629172018e-04 1.563077171523888852e-04
4.496011130479927509e+00 4.985001861723950198e-03 4.458054978478193575e-04 1.409760766624401629e-04
6.279139452089780526e+00 3.886391505863750952e-03 4.255598977463281732e-04 1.345738557706753252e-04
8.769460553933528857e+00 3.074526091018064781e-03 3.989007028825276727e-04 1.261434781350881374e-04
1.224744871391571444e+01 2.540027472554187878e-03 3.805150278163371225e-04 1.203294171821952217e-04
1.710481495155556431e+01 2.111166701741781261e-03 3.651096739093309174e-04 1.154578165314838821e-04
2.388862377472463194e+01 1.742478621830109318e-03 3.568625252414973762e-04 1.128498391322461410e-04
3.336290672927862033e+01 1.386574627151202941e-03 3.483392397016003383e-04 1.101545395868408825e-04
4.659471202373191545e+01 1.074037924866601615e-03 3.419017711291222859e-04 1.081188332813625552e-04
6.507428163233454654e+01 7.857213779533271311e-04 3.145420903980472409e-04 9.946694256484076610e-05
9.088289091276736542e+01 5.650272258378495702e-04 2.618778883111505897e-04 8.281305958984214286e-05
1.269272538009529114e+02 4.020000416114564816e-04 1.998506358710542218e-04 6.319832011854800290e-05
