1.105013710352757528e+00 6.643146510034694981e-04
1.349282847673563213e+00 5.595002298055725678e-04
1.647548972442065551e+00 5.139331756874746058e-04
2.011748404921259947e+00 3.608492054920519232e-04
2.456456052231580589e+00 2.855373371049040369e-04
2.999468681960427041e+00 2.794708716265585061e-04
3.662517131494461786e+00 2.458980803821182617e-04
4.472135954999578722e+00 1.881121641217200298e-04
5.460725310474971117e+00 1.745881959848641233e-04
6.667847582568580123e+00 1.539454837371694658e-04
8.141810630738087085e+00 1.216873094971371224e-04
9.941601022809212651e+00 1.041169848540080288e-04
1.213924462005834393e+01 1.050835349252071807e-04
1.482268898213895270e+01 7.531132373001536728e-05
1.809932294289391663e+01 8.188229735211963840e-05
2.210027420705515055e+01 6.782313523964823344e-05
2.698565695347125981e+01 5.052015747337781373e-05
3.295097944884130925e+01 4.886998456923145081e-05
4.023496809842519184e+01 4.192917270155832002e-05
4.912912104463160290e+01 3.438986330614521162e-05
5.998937363920854438e+01 2.976122658728111558e-05
7.325034262988924638e+01 2.029336928409904815e-05
8.944271909999159220e+01 1.626290720018164329e-05
1.092145062094994330e+02 1.219603231886569088e-05
1.333569516513716167e+02 8.199626578607355530e-06
1.628362126147617346e+02 5.181913414141896707e-06
1.988320204561842104e+02 3.327910473188621235e-06
2.427848924011668430e+02 2.034765227497939487e-06
2.964537796427790113e+02 9.853804225333915183e-07
3.619864588578782332e+02 1.949235598001883665e-07
