1.181779290956922912e+00 8.208043776565062029e-05 9.732680811803308559e-05 3.077743910471504558e-05
1.650475667020479875e+00 2.067064022144564795e-03 1.732869085472819577e-04 5.479813196987106576e-05
2.305058100333478244e+00 1.599290137460445110e-03 1.688482578622023823e-04 5.339450737959924946e-05
3.219249427351372539e+00 1.153406743433954638e-03 1.243179904539941122e-04 3.931280039696914046e-05
4.496011130479927509e+00 8.839114509206933909e-04 1.119700603529192906e-04 3.540804204617418376e-05
6.279139452089679274e+00 6.791757292407442489e-04 9.399443874268090704e-05 2.972365138160450141e-05
8.769460553933537739e+00 5.343885736372944650e-04 8.621065910075458158e-05 2.726220413427079772e-05
1.224744871391589918e+01 4.405230848396939828e-04 7.646436277166660715e-05 2.418015461918520119e-05
1.710481495155567089e+01 3.603530123418534478e-04 6.953945234719369163e-05 2.199030566578741779e-05
2.388862377472457510e+01 2.914054816395042729e-04 6.295275021405101403e-05 1.990740756480536834e-05
3.336290672927862033e+01 2.275788985604209843e-04 6.202997863389092341e-05 1.961560156946751300e-05
4.659471202373141097e+01 1.772872129919412349e-04 5.868727042643780991e-05 1.855854442057846765e-05
6.507428163233633711e+01 1.359890594332572407e-04 5.316128960112126997e-05 1.681107584913673719e-05
9.088289091276911336e+01 1.075365311287582247e-04 4.867272676482600448e-05 1.539166765078888130e-05
1.269272538009522293e+02 8.070254763927916760e-05 3.773904935755180391e-05 1.193413526993778972e-05
