1.105013710352757528e+00 1.096430226355699436e-02
1.349282847673563213e+00 9.390972651512632940e-03
1.647548972442065551e+00 7.715304305204370543e-03
2.011748404921259947e+00 6.309068257986891540e-03
2.456456052231580589e+00 5.173511362940327526e-03
2.999468681960427041e+00 4.492154663395100944e-03
3.662517131494461786e+00 3.931579766870162140e-03
4.472135954999578722e+00 3.181170652494232781e-03
5.460725310474971117e+00 2.662723362721480976e-03
6.667847582568580123e+00 2.424325268244399961e-03
8.141810630738087085e+00 1.977077230423459654e-03
9.941601022809212651e+00 1.657226466071213232e-03
1.213924462005834393e+01 1.517127486160768386e-03
1.482268898213895270e+01 1.384821865595378849e-03
1.809932294289391663e+01 1.194528252672340555e-03
2.210027420705515055e+01 1.084596797169536716e-03
2.698565695347125981e+01 9.519159015973428003e-04
3.295097944884130925e+01 8.174632901431762386e-04
4.023496809842519184e+01 6.960103203375022371e-04
4.912912104463160290e+01 5.867933302685039015e-04
5.998937363920854438e+01 4.685237973809611048e-04
7.325034262988924638e+01 3.725891437618965318e-04
8.944271909999159220e+01 2.742787071602718874e-04
1.092145062094994330e+02 2.098635785453534090e-04
1.333569516513716167e+02 1.381038432843259567e-04
1.628362126147617346e+02 8.984350314361711572e-05
1.988320204561842104e+02 4.549671202602432205e-05
2.427848924011668430e+02 0.000000000000000000e+00
2.964537796427790113e+02 0.000000000000000000e+00
3.619864588578782332e+02 0.000000000000000000e+00
