1.109149902723261416e+00 4.320385930591788631e-06 1.109009863940813766e-04 3.506997117646409032e-05
1.344396758234440714e+00 -9.023922945716853324e-07 1.320600993194521371e-04 4.176107018775208332e-05
1.707594903684282794e+00 1.779781833778716085e-06 6.971924215068988175e-05 2.204716019369962161e-05
2.013787536353468965e+00 2.339741709617273796e-06 6.838323924270863722e-05 2.162467897871671397e-05
2.517718467244113523e+00 1.029875081530946938e-06 2.530767772691290654e-05 8.002990390655754640e-06
2.983884442755089239e+00 7.192686024166456259e-06 2.593522523174099801e-05 8.201438336176983395e-06
3.652382189788238698e+00 6.934116630411088595e-06 2.322557379962630162e-05 7.344571317115027056e-06
4.499737487381016976e+00 4.238565933525267517e-06 2.126172756379100532e-05 6.723548609156255258e-06
5.498451043141242778e+00 4.991826290876119715e-06 2.183217931532314941e-05 6.903941292163657302e-06
6.723819222152551234e+00 4.507511360159404147e-06 2.233663888555571044e-05 7.063465415104114554e-06
8.215645575904796161e+00 4.205525496270253445e-06 2.288366403471662518e-05 7.236449955978298410e-06
1.001965084513173210e+01 2.338044915468281191e-06 2.394170239123156582e-05 7.571031061819144318e-06
1.223933945793505629e+01 1.525455885661203876e-06 2.409707053329350688e-05 7.620162782293578440e-06
1.494625592415870940e+01 2.939856051925093317e-06 2.465523598438316462e-05 7.796670195959441650e-06
1.824822364380780115e+01 4.199201762505741139e-06 2.415776693827895961e-05 7.639356670847381733e-06
2.228070770934678180e+01 5.642270982888271746e-06 2.564754981740022672e-05 8.110467382562033621e-06
2.720707974510657579e+01 5.881821149250664699e-06 2.683624567570040012e-05 8.486366018305763591e-06
3.321991894694491521e+01 6.561813000587840173e-06 2.825422263742117813e-05 8.934769705174069608e-06
4.056536666126834234e+01 7.890082246224144647e-06 2.917701943240219548e-05 9.226583674138414247e-06
4.953044693497301409e+01 9.351381206246532073e-06 2.836485529899037924e-05 8.969754824590595095e-06
6.049262068396480174e+01 1.013452892895829160e-05 3.000975553119571539e-05 9.489917950341466589e-06
7.385014896426341124e+01 1.071419284280435342e-05 2.956352899153242010e-05 9.348808728566319101e-06
9.015395006852581616e+01 1.040630695465605436e-05 2.821821538834361142e-05 8.923383213237857828e-06
1.100478680750038905e+02 8.090662907883429647e-06 2.811617853851692400e-05 8.891116328165768825e-06
1.344073456756709390e+02 4.009606487351211237e-06 2.658014549286669947e-05 8.405380029611759702e-06
1.640522910177340918e+02 2.573818250607279166e-07 2.075741072213141994e-05 6.564069620953576866e-06
2.002950860038488372e+02 -3.009506001674379369e-07 1.614793160430596597e-05 5.106424337022368887e-06
2.444858703927260990e+02 5.016109174549088006e-06 1.743015665585779492e-05 5.511899500605428654e-06
2.984843828343481960e+02 7.758111797590234380e-06 1.760282312730347494e-05 5.566501433136706452e-06
3.643858016725757807e+02 6.116559197528499562e-06 1.313027611624369949e-05 4.152157883423987882e-06
