1.105013710352757528e+00 3.347887745549582485e-03
1.349282847673563213e+00 2.827719577762496939e-03
1.647548972442065551e+00 2.330914420554395464e-03
2.011748404921259947e+00 1.719478572281267926e-03
2.456456052231580589e+00 1.465168344742775325e-03
2.999468681960427041e+00 1.290512544636554558e-03
3.662517131494461786e+00 1.231518628414712000e-03
4.472135954999578722e+00 9.580959371804108121e-04
5.460725310474971117e+00 7.585652058377793288e-04
6.667847582568580123e+00 6.664914263410650578e-04
8.141810630738087085e+00 5.567240996899179735e-04
9.941601022809212651e+00 4.420359357972775778e-04
1.213924462005834393e+01 4.462921203438493492e-04
1.482268898213895270e+01 3.867723879919770505e-04
1.809932294289391663e+01 3.231272399358210874e-04
2.210027420705515055e+01 3.211396584195701839e-04
2.698565695347125981e+01 2.587643501818236201e-04
3.295097944884130925e+01 2.239551078186891367e-04
4.023496809842519184e+01 1.833197093623196007e-04
4.912912104463160290e+01 1.540174868030956361e-04
5.998937363920854438e+01 1.236521044892034237e-04
7.325034262988924638e+01 9.246436590242962654e-05
8.944271909999159220e+01 7.178781593894968812e-05
1.092145062094994330e+02 5.366750535908164843e-05
1.333569516513716167e+02 3.365582074741745310e-05
1.628362126147617346e+02 2.130072641147149435e-05
1.988320204561842104e+02 1.300477824936860816e-05
2.427848924011668430e+02 8.663632993678296447e-06
2.964537796427790113e+02 6.016504680498996372e-06
3.619864588578782332e+02 1.662688003955243289e-06
