1.181779290956937123e+00 3.249303161735462089e-03
1.650475667020468551e+00 2.248636771635081823e-03
2.305058100333493787e+00 1.678730439744478050e-03
3.219249427351394743e+00 1.264063719090931714e-03
4.496011130479917739e+00 8.997995241078785792e-04
6.279139452089698814e+00 7.417986979347321449e-04
8.769460553933432934e+00 5.908594522218656424e-04
1.224744871391588852e+01 4.460692681548192600e-04
1.710481495155586629e+01 3.467768104450503455e-04
2.388862377472441878e+01 2.723363435345013857e-04
3.336290672927862033e+01 2.289816817766786869e-04
4.659471202373124754e+01 1.588438762684052591e-04
6.507428163233632290e+01 1.030119710209194942e-04
9.088289091276841702e+01 7.206839883204683094e-05
1.269272538009517319e+02 3.738313258941042977e-05
