1.105013710352757528e+00 1.036502010162416960e-04
1.349282847673563213e+00 6.532295151947071436e-05
1.647548972442065551e+00 5.207583340714583802e-05
2.011748404921259947e+00 3.466976451396326111e-05
2.456456052231580589e+00 3.373833059164053720e-05
2.999468681960427041e+00 2.766860348400538970e-05
3.662517131494461786e+00 2.457796276793589276e-05
4.472135954999578722e+00 1.934204981777345737e-05
5.460725310474971117e+00 1.641781518180546954e-05
6.667847582568580123e+00 1.702377305733809696e-05
8.141810630738087085e+00 1.063980347249721857e-05
9.941601022809212651e+00 1.003630422157342427e-05
1.213924462005834393e+01 9.477961862902388741e-06
1.482268898213895270e+01 8.889921505370097261e-06
1.809932294289391663e+01 7.130641856790083714e-06
2.210027420705515055e+01 5.586972675009849427e-06
2.698565695347125981e+01 4.674058000703752206e-06
3.295097944884130925e+01 4.126149741853799145e-06
4.023496809842519184e+01 3.946603760120225021e-06
4.912912104463160290e+01 3.170038869119730651e-06
5.998937363920854438e+01 2.551442631148337489e-06
7.325034262988924638e+01 1.681513825415149461e-06
8.944271909999159220e+01 1.345885326420315565e-06
1.092145062094994330e+02 1.068946461815246686e-06
1.333569516513716167e+02 7.254485200930474220e-07
1.628362126147617346e+02 4.802230206612730546e-07
1.988320204561842104e+02 3.009589381658263684e-07
2.427848924011668430e+02 0.000000000000000000e+00
2.964537796427790113e+02 0.000000000000000000e+00
3.619864588578782332e+02 0.000000000000000000e+00
