1.181779290956937123e+00 5.989634063800074355e-04
1.650475667020468551e+00 4.102127960653379119e-04
2.305058100333493787e+00 3.624558371669990521e-04
3.219249427351394743e+00 2.761961862417957312e-04
4.496011130479917739e+00 1.984611103632048855e-04
6.279139452089698814e+00 1.545389123316042151e-04
8.769460553933432934e+00 1.086487514133121677e-04
1.224744871391588852e+01 8.340728947202050083e-05
1.710481495155586629e+01 7.653905010266667851e-05
2.388862377472441878e+01 5.821796204026423970e-05
3.336290672927862033e+01 4.446524275417465375e-05
4.659471202373124754e+01 3.467055223598773802e-05
6.507428163233632290e+01 2.426045662929772294e-05
9.088289091276841702e+01 1.596014398111508559e-05
1.269272538009517319e+02 8.583140056392374109e-06
