1.181779290956936901e+00 -6.213680009067271480e-06 5.723484568985170431e-04 1.809924739082024937e-04
1.650475667020468773e+00 5.306372955454500195e-04 1.378368545743909740e-04 4.358784059684742677e-05
2.305058100333494231e+00 3.988748673028542262e-04 1.356071395618693492e-04 4.288274279958350678e-05
3.219249427351393855e+00 2.971621945823714407e-04 8.464949629684191603e-05 2.676852110840091206e-05
4.496011130479915074e+00 2.451506822036955214e-04 6.380110087638299267e-05 2.017567959955351487e-05
6.279139452089696150e+00 1.965150224560088116e-04 5.647057810570176413e-05 1.785756476004542637e-05
8.769460553933431157e+00 1.597937134354568227e-04 4.924847947555477325e-05 1.557373664428077958e-05
1.224744871391589562e+01 1.369881165307185026e-04 4.366424962135125249e-05 1.380784811256146786e-05
1.710481495155585563e+01 1.113881649643751252e-04 3.787641469334478248e-05 1.197757400320375561e-05
2.388862377472441167e+01 8.684555200554533103e-05 3.296276360428231805e-05 1.042374109632333009e-05
3.336290672927862033e+01 6.607766565495731348e-05 2.818529165849143769e-05 8.912971815697764543e-06
4.659471202373126886e+01 4.951696447562328621e-05 2.197776366157881751e-05 6.949979104747109277e-06
6.507428163233633711e+01 3.362293988273493833e-05 1.641923310180523607e-05 5.192217403493586161e-06
9.088289091276847387e+01 2.202529354827512451e-05 1.709225228029737583e-05 5.405044754794642535e-06
1.269272538009517746e+02 1.073500893444706074e-05 1.486365175263680274e-05 4.700299388588593479e-06
