1.181779290956937123e+00 8.224263506067197799e-04
1.650475667020468551e+00 5.996863540514013602e-04
2.305058100333493787e+00 4.503268085960989570e-04
3.219249427351394743e+00 3.438226431533564480e-04
4.496011130479917739e+00 2.477494888136243592e-04
6.279139452089698814e+00 1.807736838774223688e-04
8.769460553933432934e+00 1.583775191172578250e-04
1.224744871391588852e+01 1.163763759476201605e-04
1.710481495155586629e+01 8.936501170885663111e-05
2.388862377472441878e+01 7.073241436950798483e-05
3.336290672927862033e+01 6.318186058111852348e-05
4.659471202373124754e+01 4.322801056642075826e-05
6.507428163233632290e+01 3.099473890221829625e-05
9.088289091276841702e+01 1.764351386054270292e-05
1.269272538009517319e+02 1.002135828173149687e-05
