1.105013710352757528e+00 1.661896832270227942e-02
1.349282847673563213e+00 1.467455673187279680e-02
1.647548972442065551e+00 1.187943822032510970e-02
2.011748404921259947e+00 9.498913593230004504e-03
2.456456052231580589e+00 7.697808207904562917e-03
2.999468681960427041e+00 6.877231707082847277e-03
3.662517131494461786e+00 6.205798191191891529e-03
4.472135954999578722e+00 4.779731581962944585e-03
5.460725310474971117e+00 4.217352941464830307e-03
6.667847582568580123e+00 3.715285122614447270e-03
8.141810630738087085e+00 3.155017557923872010e-03
9.941601022809212651e+00 2.735202511693110572e-03
1.213924462005834393e+01 2.529043082906369186e-03
1.482268898213895270e+01 2.129153847030893724e-03
1.809932294289391663e+01 1.881290705747821817e-03
2.210027420705515055e+01 1.721173147912375377e-03
2.698565695347125981e+01 1.557885864195169808e-03
3.295097944884130925e+01 1.303511161728222864e-03
4.023496809842519184e+01 1.093540633200276550e-03
4.912912104463160290e+01 9.178340190794928360e-04
5.998937363920854438e+01 7.570783368391793833e-04
7.325034262988924638e+01 5.942431093786390084e-04
8.944271909999159220e+01 4.344366905303845674e-04
1.092145062094994330e+02 3.088172390449835905e-04
1.333569516513716167e+02 2.053332314218200827e-04
1.628362126147617346e+02 0.000000000000000000e+00
1.988320204561842104e+02 0.000000000000000000e+00
2.427848924011668430e+02 0.000000000000000000e+00
2.964537796427790113e+02 0.000000000000000000e+00
3.619864588578782332e+02 0.000000000000000000e+00
