1.181779290956937123e+00 8.340011465424278366e-04
1.650475667020468551e+00 6.221935173073208378e-04
2.305058100333493787e+00 3.963322214563010505e-04
3.219249427351394743e+00 3.484051804056575172e-04
4.496011130479917739e+00 2.506809923686688802e-04
6.279139452089698814e+00 1.910868454911173375e-04
8.769460553933432934e+00 1.538519684130672271e-04
1.224744871391588852e+01 1.254263646664470651e-04
1.710481495155586629e+01 1.104613292558471809e-04
2.388862377472441878e+01 7.892545019191642738e-05
3.336290672927862033e+01 6.454502596935025914e-05
4.659471202373124754e+01 4.369746836855379870e-05
6.507428163233632290e+01 2.794877563331526988e-05
9.088289091276841702e+01 1.784966622499412260e-05
1.269272538009517319e+02 9.916195236402292480e-06
