1.112190221943656132e+00 9.894873318627199162e-05 2.709344925991508330e-04 8.567700933153497486e-05
1.341674696719522553e+00 2.125347686161275604e-05 2.242496668880582451e-04 7.091397119003073010e-05
1.702458606811565689e+00 7.346537373487466095e-05 2.667192180803773299e-04 8.434402248731552143e-05
2.013742764575083832e+00 6.535702777877949829e-05 2.703649377952038399e-04 8.549690028825865232e-05
2.519184878210330325e+00 7.200101250480432495e-05 2.592782463960642981e-04 8.199098063459066710e-05
2.979632858781666727e+00 7.253240599109877476e-05 2.524231096135617089e-04 7.982319604412002254e-05
3.651837062580052695e+00 8.135451214586458390e-05 2.555629679006609636e-04 8.081610641585887909e-05
4.504411217689127334e+00 8.401891854664194053e-05 2.517597933162243982e-04 7.961343701325048232e-05
5.500334225323632253e+00 9.231915849614930536e-05 2.494564069018066332e-04 7.888504227314562423e-05
6.722748050783553531e+00 8.877641035509535442e-05 2.423636105403972614e-04 7.664210312496477393e-05
8.215201480870760520e+00 8.843025110587139886e-05 2.406367758821900031e-04 7.609603005871944093e-05
1.002013323352357155e+01 8.915940444267451894e-05 2.420641119554507476e-04 7.654739335652194004e-05
1.223729332127812697e+01 8.832042134863654496e-05 2.383283048766721385e-04 7.536602742972988410e-05
1.494014090003565443e+01 8.584045430101410325e-05 2.287329490771425507e-04 7.233170950110793943e-05
1.824278294610023110e+01 8.477247238137221243e-05 2.247768006340061591e-04 7.108066551690391899e-05
2.227397006411441538e+01 8.255160249609209597e-05 2.247272638813003337e-04 7.106500062026002631e-05
2.719610519118748471e+01 8.305686386437331737e-05 2.169248084195198967e-04 6.859764756013532287e-05
3.320304895271226542e+01 7.620790903396418878e-05 2.083715604406050580e-04 6.589287305957505954e-05
4.051821239569919442e+01 7.528660146113480046e-05 2.028079080850359842e-04 6.413349170427913094e-05
4.946649762861994049e+01 8.090924882486283474e-05 1.947732728529131424e-04 6.159271695406474988e-05
6.037083181617672523e+01 8.247539590514732836e-05 1.864084340120668673e-04 5.894752265433305120e-05
7.368206945993512136e+01 8.156508484673111788e-05 1.718855111540182670e-04 5.435497120289747039e-05
8.988464697324749864e+01 7.653772491373201769e-05 1.541387711296873743e-04 4.874295925092171167e-05
1.095854948401085664e+02 6.771485472699105708e-05 1.265098120954908072e-04 4.000591525816699952e-05
1.333892571669942697e+02 7.882686065352879868e-05 9.935559992232622620e-05 3.141899940469993738e-05
1.615675658730685313e+02 8.503917196498124627e-05 8.655046138487716581e-05 2.736965905146630232e-05
1.890674934271551990e+02 2.741375882884363312e-05 9.364375617759215233e-05 2.961275581746543165e-05
2.427848924011641998e+02 0.000000000000000000e+00 0.000000000000000000e+00 0.000000000000000000e+00
2.964537796427781586e+02 0.000000000000000000e+00 0.000000000000000000e+00 0.000000000000000000e+00
3.619864588578744247e+02 0.000000000000000000e+00 0.000000000000000000e+00 0.000000000000000000e+00
