1.114877605216093581e+00 -2.137274637464567313e-05 8.215429027736608153e-05 2.597946768311030382e-05
1.337788368191968447e+00 -3.083952500895107503e-05 1.553181772871557330e-04 4.911592022532443492e-05
1.704099726561678851e+00 -1.517407350417908620e-05 9.535372910121818154e-05 3.015349673505296997e-05
2.009924730887436617e+00 -2.020739541732969620e-05 1.043652733170958517e-04 3.300319723080192392e-05
2.519036806720781563e+00 -1.625552313166076510e-05 5.593767410254578659e-05 1.768904571762598370e-05
2.981239917778773396e+00 -2.402105751810750090e-05 6.098107254422015401e-05 1.928390833996946902e-05
3.650968206637156044e+00 -2.501492300759834589e-05 7.188836582177524331e-05 2.273309732642118789e-05
4.501356339880631552e+00 -2.158835425344948208e-05 6.534706453629675370e-05 2.066455623407125808e-05
5.498635135530053120e+00 -1.901404626640445600e-05 6.923240728060296452e-05 2.189320949031293992e-05
6.723278536187796028e+00 -1.984031650965518853e-05 7.194022402821751870e-05 2.274949633119406877e-05
8.214318616677331875e+00 -1.698356621203669532e-05 7.033338645623432898e-05 2.224136967545390674e-05
1.001905704067835146e+01 -1.474405119385395012e-05 7.072203869512343145e-05 2.236427230471524968e-05
1.223993713020293050e+01 -1.530958233308387246e-05 7.215985746323588389e-05 2.281895052169253155e-05
1.494842669558893533e+01 -1.291483386465835003e-05 7.127260467553974657e-05 2.253837655474717151e-05
1.824362909982501435e+01 -1.251412890925168219e-05 7.169984050321294672e-05 2.267348038609462337e-05
2.227633018396422315e+01 -1.023402107613152260e-05 7.375121270523075402e-05 2.332218123480775474e-05
2.720785303169964209e+01 -6.300620012473181865e-06 7.535525405440606547e-05 2.382942364725609870e-05
3.322582931677175111e+01 -5.069896087193432933e-06 7.199204758130994298e-05 2.276588437761554263e-05
4.056412568152953213e+01 -6.054964337489275201e-06 7.271442310327474198e-05 2.299431957515171861e-05
4.951019381965086552e+01 -8.642984959586662909e-06 6.740431970605346762e-05 2.131511744053001309e-05
6.045820198958601566e+01 -1.208397675175816214e-05 6.515075007819384951e-05 2.060247615154856912e-05
7.381816375701666288e+01 -7.202676433655589993e-06 6.482831633617314095e-05 2.050051364962091107e-05
9.009695250479184381e+01 -3.000800988302747271e-06 6.133626939363756201e-05 1.939623144615695673e-05
1.099828379845488087e+02 -6.028561679034158914e-06 5.696933235239016606e-05 1.801528470126711142e-05
1.342502314183992098e+02 -9.092504918068937500e-06 5.137173700356482557e-05 1.624516962904183216e-05
1.638497499466598697e+02 -1.393729492625398534e-05 4.713759721969044210e-05 1.490621706418421925e-05
1.999038091352788911e+02 -1.270211482714817444e-05 4.496688342631632905e-05 1.421977709064358697e-05
2.436596796321253464e+02 -1.630820015654654305e-05 3.757513120166050319e-05 1.188229979769068310e-05
2.965491041169347000e+02 -1.246727367381216457e-05 3.226644691053068314e-05 1.020354642381801970e-05
3.593519992036386839e+02 -6.036858254835932090e-07 4.221798255090321420e-05 1.335049830780996701e-05
