1.181779290956937123e+00 1.616401264499244287e-04
1.650475667020468551e+00 1.298845350845345475e-04
2.305058100333493787e+00 8.057301734410175689e-05
3.219249427351394743e+00 7.514095369743720057e-05
4.496011130479917739e+00 5.337684638859142085e-05
6.279139452089698814e+00 4.081504025314784190e-05
8.769460553933432934e+00 3.510599490681687410e-05
1.224744871391588852e+01 2.401444692303524256e-05
1.710481495155586629e+01 1.831244312314251588e-05
2.388862377472441878e+01 1.560718331229807838e-05
3.336290672927862033e+01 1.144194170593890010e-05
4.659471202373124754e+01 9.663106412522579343e-06
6.507428163233632290e+01 6.744717248264906037e-06
9.088289091276841702e+01 4.404402232874462596e-06
1.269272538009517319e+02 2.293961985682782283e-06
