1.181779290956938455e+00 8.555445513294856932e-05 1.494437966978509732e-04 4.725827797483591252e-05
1.650475667020467441e+00 6.683930217206330866e-04 7.578559491904888633e-05 2.396550937750785041e-05
2.305058100333496451e+00 5.075346394596931196e-04 5.878803919233981025e-05 1.859041030230392921e-05
3.219249427351392079e+00 3.619826424988291554e-04 4.572926685253265398e-05 1.446086389836423774e-05
4.496011130479925733e+00 2.730287616032600877e-04 4.146871350662118048e-05 1.311355863179108861e-05
6.279139452089688156e+00 2.103227943883229003e-04 3.534494918745150328e-05 1.117705432152643849e-05
8.769460553933418723e+00 1.657437935642264994e-04 3.276385594910294840e-05 1.036084097288230927e-05
1.224744871391589918e+01 1.356689975320044840e-04 3.120626462972654424e-05 9.868287349588691058e-06
1.710481495155589826e+01 1.109855554064239047e-04 2.938742528496802046e-05 9.293119846852172962e-06
2.388862377472441523e+01 9.057823407299262300e-05 2.600153364935760416e-05 8.222406898947993845e-06
3.336290672927862033e+01 7.251197922162660656e-05 2.350494859195166589e-05 7.432917383573495170e-06
4.659471202373119780e+01 5.424493990058251215e-05 2.031301453420324783e-05 6.423539207218652259e-06
6.507428163233633711e+01 3.883652617603472159e-05 1.793871435262098807e-05 5.672719564943522014e-06
9.088289091276850229e+01 2.706861943688247630e-05 1.427492582654263195e-05 4.514127904183640247e-06
1.269272538009517746e+02 1.535561950073225236e-05 1.181790835326937944e-05 3.737150757546103710e-06
