1.105013710352757528e+00 1.667566335606227718e-02
1.349282847673563213e+00 1.414753308457801680e-02
1.647548972442065551e+00 1.164619389340605660e-02
2.011748404921259947e+00 9.338457569968433222e-03
2.456456052231580589e+00 7.647611614335886321e-03
2.999468681960427041e+00 6.858412076675588984e-03
3.662517131494461786e+00 6.094436328777251902e-03
4.472135954999578722e+00 4.817196021927100044e-03
5.460725310474971117e+00 4.033969194722709407e-03
6.667847582568580123e+00 3.604230392752579091e-03
8.141810630738087085e+00 3.010544602994355817e-03
9.941601022809212651e+00 2.580420612158477057e-03
1.213924462005834393e+01 2.320345155467422489e-03
1.482268898213895270e+01 2.030900572157720487e-03
1.809932294289391663e+01 1.754803470106998126e-03
2.210027420705515055e+01 1.587965402885847940e-03
2.698565695347125981e+01 1.337468134301093327e-03
3.295097944884130925e+01 1.140690305053544901e-03
4.023496809842519184e+01 9.448556370834504262e-04
4.912912104463160290e+01 7.524405880577971720e-04
5.998937363920854438e+01 6.065426373822737586e-04
7.325034262988924638e+01 5.051767319375658708e-04
8.944271909999159220e+01 5.239501054399256941e-04
1.092145062094994330e+02 4.639363977452760847e-04
1.333569516513716167e+02 3.513810729576001958e-04
1.628362126147617346e+02 0.000000000000000000e+00
1.988320204561842104e+02 0.000000000000000000e+00
2.427848924011668430e+02 0.000000000000000000e+00
2.964537796427790113e+02 0.000000000000000000e+00
3.619864588578782332e+02 0.000000000000000000e+00
