1.181779290956938233e+00 1.631739917434115600e-04 1.074975082452515234e-03 1.074975082452515261e-04
1.650475667020467441e+00 1.069933460053238035e-03 5.308058753873531356e-03 5.308058753873531790e-04
2.305058100333496451e+00 8.796776350152528791e-04 4.205991302354642261e-03 4.205991302354642478e-04
3.219249427351392523e+00 6.005948010208664745e-04 2.920239893219685103e-03 2.920239893219685103e-04
4.496011130479924844e+00 4.228502680037817159e-04 2.174719576432919497e-03 2.174719576432919551e-04
6.279139452089689044e+00 3.070593796803339822e-04 1.636525928546339430e-03 1.636525928546339538e-04
8.769460553933420499e+00 2.273740887940349455e-04 1.276670059927830642e-03 1.276670059927830750e-04
1.224744871391589918e+01 1.733407980110701922e-04 1.027834307916317266e-03 1.027834307916317320e-04
1.710481495155589471e+01 1.296109244124590159e-04 8.226352842463656488e-04 8.226352842463656217e-05
2.388862377472441878e+01 9.167335667783993393e-05 6.522078754204897050e-04 6.522078754204896508e-05
3.336290672927862033e+01 6.052485085302661716e-05 5.185031419029160864e-04 5.185031419029160864e-05
4.659471202373120491e+01 3.986031755062785015e-05 4.079736841272798425e-04 4.079736841272798697e-05
6.507428163233633711e+01 2.660224690813326912e-05 3.113484418938649526e-04 3.113484418938649662e-05
9.088289091276848808e+01 2.044277440621878594e-05 2.431129236539287858e-04 2.431129236539287993e-05
1.269272538009517888e+02 1.564666470854638616e-05 1.908520435819412327e-04 1.908520435819412191e-05
