1.110571657633478315e+00 1.041088934220266680e-02 1.677778816225227376e-03 5.305602469252785258e-04
1.343381622693961663e+00 9.593231671113639294e-03 1.702263847938706312e-03 5.383030938048834159e-04
1.702138051305938093e+00 7.702704985931287454e-03 1.235666922275803319e-03 3.907521903721789740e-04
2.015455082654045604e+00 6.546026852500977725e-03 1.169349595308635586e-03 3.697808102171433226e-04
2.518007896613261742e+00 5.316246354499306812e-03 9.801145652629885720e-04 3.099394394136791779e-04
2.982195442906714788e+00 4.726274696520709959e-03 9.288422803302782320e-04 2.937257192908293698e-04
3.652435028357472024e+00 4.086807931226205982e-03 8.615062630018043097e-04 2.724322009585749996e-04
4.503668638850387040e+00 3.326171277176425637e-03 7.534513270327916146e-04 2.382622299500016568e-04
5.500380744690626322e+00 2.832312400209553889e-03 6.922775319326177849e-04 2.189173773867018901e-04
6.722811227592991656e+00 2.466316327818292992e-03 6.409702940596197912e-04 2.026926041736292340e-04
8.214657259490589780e+00 2.129564362517772768e-03 5.821895649326963183e-04 1.841045055169813680e-04
1.002012672784531233e+01 1.884100018354918377e-03 5.416123547720877018e-04 1.712728649966963502e-04
1.223750585665720791e+01 1.688155887866047171e-03 5.195532580147710789e-04 1.642971661087808534e-04
1.494021393568955069e+01 1.506223335681224030e-03 4.929359697287658297e-04 1.558800404966712613e-04
1.824279905730276852e+01 1.348216196205778792e-03 4.700478265278717734e-04 1.486421741039790543e-04
2.227412925942910249e+01 1.203028639256642496e-03 4.472454445870013601e-04 1.414314278029549211e-04
2.719600058592353164e+01 1.060523201565274302e-03 4.306476731997232739e-04 1.361827516362977628e-04
3.320302335012011952e+01 9.311958228009828420e-04 4.205167352926859610e-04 1.329790677743000629e-04
4.051815814366933921e+01 8.212729563545479155e-04 4.217993886199088139e-04 1.333846783705417967e-04
4.946604304886430015e+01 7.175940905800989780e-04 4.196572562982647130e-04 1.327072766519558217e-04
6.037039050798603057e+01 6.095437370346372483e-04 4.096660189667501988e-04 1.295477699908669769e-04
7.368199518521119273e+01 5.081495045108834312e-04 4.073491376621414441e-04 1.288151077917843747e-04
8.988442304161961260e+01 4.311654720011508474e-04 4.095670196517281112e-04 1.295164636586403290e-04
1.095855979466446826e+02 3.312675296692880285e-04 3.796661021785937857e-04 1.200609633242572362e-04
1.333894747328293420e+02 2.339864703106384351e-04 3.418069067845181329e-04 1.080888345415937344e-04
1.615677326349003238e+02 1.525859563074837802e-04 2.757983953791066836e-04 8.721511044176349307e-05
1.890655490650036938e+02 1.324426579945502612e-04 2.050991519879857372e-04 6.485804664510862801e-05
2.427848924011641998e+02 0.000000000000000000e+00 0.000000000000000000e+00 0.000000000000000000e+00
2.964537796427781586e+02 0.000000000000000000e+00 0.000000000000000000e+00 0.000000000000000000e+00
3.619864588578744247e+02 0.000000000000000000e+00 0.000000000000000000e+00 0.000000000000000000e+00
