1.115166787019153283e+00 6.564969963494895772e-04 1.897680716448380011e-04 6.000993335757036416e-05
1.337409173677075014e+00 6.742494728127222713e-04 1.674720918846038195e-04 5.295932548683487799e-05
1.707562620322786939e+00 4.992055906583361133e-04 1.427958362428441810e-04 4.515600829158083405e-05
2.007042774143120489e+00 4.702455746835435858e-04 8.663713878769177892e-05 2.739706885292250772e-05
2.518912800289687670e+00 3.537403227738491638e-04 7.535060882581714201e-05 2.382795469699678536e-05
2.987536705892614552e+00 3.087371518203717671e-04 5.610546922460331727e-05 1.774210719422275736e-05
3.652465614359761137e+00 2.705049000381643020e-04 5.261796415227031830e-05 1.663926125622650269e-05
4.500073441068024316e+00 2.195349023803567601e-04 4.219557350311110172e-05 1.334341194468810260e-05
5.498958578797823016e+00 1.893136357944172040e-04 3.680496523200585645e-05 1.163875193364460253e-05
6.724095403792540893e+00 1.637376149903770723e-04 3.325145302801454727e-05 1.051503270786286005e-05
8.215835050943230300e+00 1.400664673920056836e-04 2.946995285053721008e-05 9.319217354546926337e-06
1.001885417441151382e+01 1.239113600053266156e-04 2.841502756012823981e-05 8.985620686646234327e-06
1.223919423190435829e+01 1.101046918936228139e-04 2.635714039636464771e-05 8.334859626134545569e-06
1.494706966772585588e+01 9.828669407454439385e-05 2.646031436065984560e-05 8.367486098374717323e-06
1.824867235673256616e+01 8.598963029082570928e-05 2.651607721254896124e-05 8.385119860454340877e-06
2.228039609052822101e+01 7.402659315803715879e-05 2.583093864778682118e-05 8.168460022707627256e-06
2.720664881884682629e+01 6.226668901418747786e-05 2.572096918484727680e-05 8.133684625112182917e-06
3.322046109017283300e+01 5.446304637372381392e-05 2.503641726506109137e-05 7.917210300795660263e-06
4.056557037784120467e+01 4.778035898973324440e-05 2.463173162371187872e-05 7.789237464492706630e-06
4.953063784672108483e+01 4.138469471832489563e-05 2.610860776082305724e-05 8.256266706014952860e-06
6.049377219424862773e+01 3.388910970038624672e-05 2.647163525860211141e-05 8.371066080640305216e-06
7.385028558887154304e+01 2.604582455109962839e-05 2.752587426280148479e-05 8.704445725786088712e-06
9.015063252518461923e+01 2.222064474591887268e-05 2.528340494895441279e-05 7.995314664306918327e-06
1.100386127559905844e+02 1.717343813925098449e-05 2.121872339698010730e-05 6.709949497556229804e-06
1.344047662898352087e+02 1.239824897069413558e-05 1.693911006443864727e-05 5.356616933990768513e-06
1.640474069228482676e+02 7.410862662853668534e-06 1.626429572576981904e-05 5.143221903197395616e-06
2.002941362789701145e+02 5.609979342161205928e-06 1.741073503269911224e-05 5.505757844101537913e-06
2.444955818398466363e+02 5.601383346227223155e-06 2.021675216414220650e-05 6.393098372982763475e-06
2.985052931824735083e+02 2.187774985904671249e-06 2.325395110708317295e-05 7.353545009657686449e-06
3.644035007877756129e+02 1.767337913989670591e-07 1.878795554996149161e-05 5.941273211587973529e-06
