1.181779290956936901e+00 7.199718443474485349e-04 2.114933584513182586e-04 6.688007227045869780e-05
1.650475667020468773e+00 5.068895822179747372e-04 1.465012308863649845e-04 4.632775696191217713e-05
2.305058100333494231e+00 4.036144166079597205e-04 1.204584224592456908e-04 3.809229783219976012e-05
3.219249427351393855e+00 3.284787481192243336e-04 1.049553541959985948e-04 3.318979718890659273e-05
4.496011130479915074e+00 2.430975632961686144e-04 8.489975910659240590e-05 2.684766115764540868e-05
6.279139452089696150e+00 1.899239444930602501e-04 7.090361223473604796e-05 2.242169089951471747e-05
8.769460553933431157e+00 1.498818840095856501e-04 6.205861889736463937e-05 1.962465841600394235e-05
1.224744871391589562e+01 1.235986350458513996e-04 5.946395109197650695e-05 1.880415241235023886e-05
1.710481495155585563e+01 1.001786741424798516e-04 5.880679733915168640e-05 1.859634214916486527e-05
2.388862377472441167e+01 8.499899464593701289e-05 5.660523627453738801e-05 1.790014741195223452e-05
3.336290672927862033e+01 6.902370074605824568e-05 5.113922574641219747e-05 1.617164311361868928e-05
4.659471202373126886e+01 5.507354569516679425e-05 4.430211249021759763e-05 1.400955806260816309e-05
6.507428163233633711e+01 4.129558078948044334e-05 3.710107788514828468e-05 1.173239097643715114e-05
9.088289091276847387e+01 2.713870220033412424e-05 3.038008449321635536e-05 9.607026250692588158e-06
1.269272538009517746e+02 1.100619075311429226e-05 2.466079673850930914e-05 7.798428660814120576e-06
