1.181779290956937123e+00 1.585696781942088143e-02
1.650475667020468551e+00 1.170952684661288878e-02
2.305058100333493787e+00 8.002662311075979876e-03
3.219249427351394743e+00 6.609989767265143923e-03
4.496011130479917739e+00 4.715412828875606595e-03
6.279139452089698814e+00 3.847636415306044094e-03
8.769460553933432934e+00 2.957254676372381152e-03
1.224744871391588852e+01 2.289941570638998926e-03
1.710481495155586629e+01 1.889807344740293028e-03
2.388862377472441878e+01 1.449110739910317676e-03
3.336290672927862033e+01 1.109570003834650957e-03
4.659471202373124754e+01 8.043747050163588307e-04
6.507428163233632290e+01 5.587293993294499290e-04
9.088289091276841702e+01 5.319108082750800262e-04
1.269272538009517319e+02 3.811038742066348572e-04
