1.105013710352757528e+00 5.572354381953993456e-03
1.349282847673563213e+00 4.789141197331349409e-03
1.647548972442065551e+00 3.896903193786305751e-03
2.011748404921259947e+00 3.163039831298676031e-03
2.456456052231580589e+00 2.523266827707480817e-03
2.999468681960427041e+00 2.296265083183989236e-03
3.662517131494461786e+00 2.008839287078312622e-03
4.472135954999578722e+00 1.571700995825073754e-03
5.460725310474971117e+00 1.334194333349336551e-03
6.667847582568580123e+00 1.187923318572020343e-03
8.141810630738087085e+00 1.002104076527770421e-03
9.941601022809212651e+00 8.380461392504219087e-04
1.213924462005834393e+01 7.471250631859156603e-04
1.482268898213895270e+01 6.649554013770382199e-04
1.809932294289391663e+01 5.682133675092771634e-04
2.210027420705515055e+01 5.011224009688774626e-04
2.698565695347125981e+01 4.213625347359612893e-04
3.295097944884130925e+01 3.583280051014706667e-04
4.023496809842519184e+01 2.952645470693727103e-04
4.912912104463160290e+01 2.359275367300148771e-04
5.998937363920854438e+01 1.839539207786175697e-04
7.325034262988924638e+01 1.442791343235801777e-04
8.944271909999159220e+01 1.121399961564955672e-04
1.092145062094994330e+02 1.074564459868288164e-04
1.333569516513716167e+02 1.050092616151677180e-04
1.628362126147617346e+02 9.213267312704540024e-05
1.988320204561842104e+02 7.197934467739405817e-05
2.427848924011668430e+02 0.000000000000000000e+00
2.964537796427790113e+02 0.000000000000000000e+00
3.619864588578782332e+02 0.000000000000000000e+00
