1.181779290956917139e+00 3.165398844346886393e-04 2.905521832630981300e-04 9.188066782460440837e-05
1.650475667020440351e+00 1.254857412526201935e-02 1.520493535645246622e-03 4.808222740201396395e-04
2.305058100333515103e+00 1.001963808326322355e-02 1.270512083853918284e-03 4.017711979745220157e-04
3.219249427351344117e+00 7.281638350821332921e-03 1.050779049108702080e-03 3.322855112769420964e-04
4.496011130479927509e+00 5.898623953971466466e-03 9.374472581706334157e-04 2.964468522099093176e-04
6.279139452089780526e+00 4.704664742130534004e-03 8.073352755574033464e-04 2.553018306161058851e-04
8.769460553933528857e+00 3.932145939925694306e-03 7.515019841936080268e-04 2.376457936187657079e-04
1.224744871391571444e+01 3.328464933505131864e-03 6.916126421863434681e-04 2.187071207875900588e-04
1.710481495155556431e+01 2.785829144981287909e-03 6.414467795066818023e-04 2.028432821020932002e-04
2.388862377472463194e+01 2.279250922074669249e-03 5.885768660293813972e-04 1.861243474736629837e-04
3.336290672927862033e+01 1.811856301651003365e-03 5.222102613414883292e-04 1.651373843350879399e-04
4.659471202373191545e+01 1.389798824762579228e-03 4.483464568872563469e-04 1.417795984630215971e-04
6.507428163233454654e+01 1.015971002058491677e-03 4.187808917343117704e-04 1.324301458436806696e-04
9.088289091276736542e+01 7.000679693083247581e-04 3.675353582537364610e-04 1.162248852727772755e-04
1.269272538009529114e+02 4.501111604020815375e-04 3.212147244223545733e-04 1.015770147157954158e-04
