1.114248617809187492e+00 -5.924771672343422726e-05 1.068525460431180154e-04 3.378974192842652331e-05
1.338667964186435633e+00 -1.019769574325620048e-05 1.363163406457388173e-04 4.310701187399226705e-05
1.704446602504113173e+00 -1.727154748116898933e-05 1.246620399492983386e-04 3.942159840026841772e-05
2.007271026398199432e+00 -4.131152704312311783e-05 1.096490791479025399e-04 3.467408334474466681e-05
2.519969856568328392e+00 -4.142668675967050033e-05 1.074782598042149016e-04 3.398760999326418429e-05
2.982836732087215559e+00 -3.900266556606738481e-05 1.122176189193175840e-04 3.548632693858464279e-05
3.651117624144759155e+00 -4.653270142394880460e-05 1.047545431356991698e-04 3.312629515591662883e-05
4.502312240090610373e+00 -4.287740511050291964e-05 1.055639380411911831e-04 3.338224829870578087e-05
5.499412169309034759e+00 -4.125594911925058368e-05 1.082456521562945480e-04 3.423028076242074093e-05
6.723456427596748775e+00 -4.179295781283187802e-05 1.108341543415196703e-04 3.504883702578418111e-05
8.214338634777615056e+00 -4.110918241331912542e-05 1.134115234310982719e-04 3.586387269518247499e-05
1.001880565898422049e+01 -4.111285728022098232e-05 1.143630986291522384e-04 3.616478719426010908e-05
1.224008227561205686e+01 -4.197653172347277348e-05 1.121735870744662551e-04 3.547240284665370845e-05
1.494760465326357668e+01 -4.182203771652712003e-05 1.082038058309951197e-04 3.421704779245528369e-05
1.824299263797295367e+01 -4.312293671874138304e-05 1.075912526099540798e-04 3.402334145579906307e-05
2.227655354542985577e+01 -4.004862128736112357e-05 1.110087483842841008e-04 3.510404850988742644e-05
2.720829881094100600e+01 -3.713064529989755421e-05 1.068547513122349908e-04 3.379043929575285051e-05
3.322523132477702745e+01 -3.528359459224221024e-05 1.032640699913225853e-04 3.265496616316232887e-05
4.056247357134673592e+01 -3.505443829262266806e-05 9.828869656771798032e-05 3.108161494031630185e-05
4.950403387498637642e+01 -3.693289103744635296e-05 9.461544963306689146e-05 2.992003226814338954e-05
6.045445233762642090e+01 -3.845095125173718999e-05 8.991248069211620021e-05 2.843282290629997819e-05
7.381346838555708700e+01 -3.980018556150301744e-05 8.748207822987932121e-05 2.766426216514498860e-05
9.010770512464833359e+01 -3.829107709206719634e-05 8.603810144447999173e-05 2.720763661211798366e-05
1.099940483568507545e+02 -3.352512066781957633e-05 7.710901820120986353e-05 2.438401256552028869e-05
1.342626582640179151e+02 -2.899507186192406795e-05 7.005596914946972083e-05 2.215364262028132503e-05
1.638767109930232095e+02 -2.452868757683578533e-05 6.320794715585643768e-05 1.998810792360682472e-05
1.999095583606966500e+02 -1.747955876406922740e-05 5.124031984625828815e-05 1.620361187497050139e-05
2.436744460445921447e+02 -3.702001583801829136e-06 4.104745092706043664e-05 1.298034370735010359e-05
2.966548139738191594e+02 7.925707871686984857e-06 4.048071981219502306e-05 1.280112759296398222e-05
3.595981550895932060e+02 4.569232586085867605e-06 1.297200490277651052e-05 4.102108131164484514e-06
