1.181779290956938455e+00 -1.586351264111254044e-05 1.976476127841491205e-04 6.250166304929248985e-05
1.650475667020467441e+00 -2.266181405926810021e-05 1.694003920312553023e-04 5.356910753442041605e-05
2.305058100333496451e+00 -2.704436644407201012e-05 8.669707041374619084e-05 2.741602089714345144e-05
3.219249427351392079e+00 -2.514820339258041373e-05 7.819060154116321665e-05 2.472603924887476666e-05
4.496011130479925733e+00 -1.758867132961533674e-05 7.948891031501527111e-05 2.513660053203006358e-05
6.279139452089688156e+00 -1.438680415815881539e-05 7.804399969362190836e-05 2.467967967413283760e-05
8.769460553933418723e+00 -1.309396686332628226e-05 7.908810121409205177e-05 2.500985356544589428e-05
1.224744871391589918e+01 -1.540343581368492607e-05 7.534312107665303037e-05 2.382558686280612315e-05
1.710481495155589826e+01 -1.259893640935036334e-05 7.487558738741240875e-05 2.367773972871994965e-05
2.388862377472441523e+01 -1.754215868354742775e-05 6.879337591199341777e-05 2.175437558140622840e-05
3.336290672927862033e+01 -1.866896794986065662e-05 6.195452571259353082e-05 1.959174126072619367e-05
4.659471202373119780e+01 -1.912798686837923685e-05 5.887601432571790898e-05 1.861823048219711995e-05
6.507428163233633711e+01 -1.497780083176751702e-05 5.978432365182286695e-05 1.890546311124355013e-05
9.088289091276850229e+01 -1.651329386632889392e-05 4.322428234038561384e-05 1.366871824218120151e-05
1.269272538009517746e+02 -1.441905074229105405e-05 3.576748053490299818e-05 1.131067046560310936e-05
