1.181779290956937123e+00 1.780847086492834278e-03
1.650475667020468551e+00 1.231402691060154127e-03
2.305058100333493787e+00 9.427567061628211410e-04
3.219249427351394743e+00 7.694857039114498358e-04
4.496011130479917739e+00 5.384922509338416381e-04
6.279139452089698814e+00 3.804441556318636434e-04
8.769460553933432934e+00 3.268135815506334582e-04
1.224744871391588852e+01 2.555622434607103359e-04
1.710481495155586629e+01 2.049316654050556473e-04
2.388862377472441878e+01 1.672429645413351306e-04
3.336290672927862033e+01 1.291220005293761998e-04
4.659471202373124754e+01 9.011515785711838201e-05
6.507428163233632290e+01 6.228526265475680789e-05
9.088289091276841702e+01 3.764175448157742120e-05
1.269272538009517319e+02 3.242600640845252186e-05
