1.105013710352757528e+00 1.617359104380323986e-02
1.349282847673563213e+00 1.420286549449871309e-02
1.647548972442065551e+00 1.180313053117805142e-02
2.011748404921259947e+00 9.059763228960394238e-03
2.456456052231580589e+00 7.142278362243624154e-03
2.999468681960427041e+00 6.453966997888691166e-03
3.662517131494461786e+00 6.209108195347669105e-03
4.472135954999578722e+00 4.974453964740896753e-03
5.460725310474971117e+00 4.080206810363648864e-03
6.667847582568580123e+00 3.635948465247663269e-03
8.141810630738087085e+00 3.135167411049280886e-03
9.941601022809212651e+00 2.511767022345169804e-03
1.213924462005834393e+01 2.304002975205151314e-03
1.482268898213895270e+01 2.109714909048761560e-03
1.809932294289391663e+01 1.722851357841318713e-03
2.210027420705515055e+01 1.605608109642079175e-03
2.698565695347125981e+01 1.294398661063684685e-03
3.295097944884130925e+01 1.104147348383211803e-03
4.023496809842519184e+01 9.117833059627997953e-04
4.912912104463160290e+01 7.527153413144683797e-04
5.998937363920854438e+01 6.070187679908323544e-04
7.325034262988924638e+01 5.367333476801750816e-04
8.944271909999159220e+01 5.416747624456692270e-04
1.092145062094994330e+02 4.617327286372356339e-04
1.333569516513716167e+02 3.647953929985451715e-04
1.628362126147617346e+02 0.000000000000000000e+00
1.988320204561842104e+02 0.000000000000000000e+00
2.427848924011668430e+02 0.000000000000000000e+00
2.964537796427790113e+02 0.000000000000000000e+00
3.619864588578782332e+02 0.000000000000000000e+00
