1.181779290956937123e+00 1.592376796126058688e-02
1.650475667020468551e+00 1.203009770796922145e-02
2.305058100333493787e+00 8.117098313759028849e-03
3.219249427351394743e+00 6.588331620133398847e-03
4.496011130479917739e+00 4.715476427459382690e-03
6.279139452089698814e+00 3.740331705781769784e-03
8.769460553933432934e+00 2.924538919880924435e-03
1.224744871391588852e+01 2.304918069617450677e-03
1.710481495155586629e+01 1.840102673970665445e-03
2.388862377472441878e+01 1.442411132812466967e-03
3.336290672927862033e+01 1.147894325511036092e-03
4.659471202373124754e+01 8.065573684628310567e-04
6.507428163233632290e+01 5.427310047869767689e-04
9.088289091276841702e+01 5.327351526773416905e-04
1.269272538009517319e+02 3.736126155096124624e-04
