1.105013710352757528e+00 5.795363074529854934e-03
1.349282847673563213e+00 4.993076893222471620e-03
1.647548972442065551e+00 4.041066708965222742e-03
2.011748404921259947e+00 3.237252249009904635e-03
2.456456052231580589e+00 2.481522399181059196e-03
2.999468681960427041e+00 2.182835175633078550e-03
3.662517131494461786e+00 1.974525960160157956e-03
4.472135954999578722e+00 1.536360909047487528e-03
5.460725310474971117e+00 1.307149607328745525e-03
6.667847582568580123e+00 1.219920688019349598e-03
8.141810630738087085e+00 9.809236658610337098e-04
9.941601022809212651e+00 8.148970846157441812e-04
1.213924462005834393e+01 7.318413455782760667e-04
1.482268898213895270e+01 6.502791230602081004e-04
1.809932294289391663e+01 5.575797143086697180e-04
2.210027420705515055e+01 4.696080978373499233e-04
2.698565695347125981e+01 4.105479813295321049e-04
3.295097944884130925e+01 3.554362047619125478e-04
4.023496809842519184e+01 2.802995752958950364e-04
4.912912104463160290e+01 2.158113298496001594e-04
5.998937363920854438e+01 1.826403439429525417e-04
7.325034262988924638e+01 1.425395964470211523e-04
8.944271909999159220e+01 1.130165011286731754e-04
1.092145062094994330e+02 9.913046689485377385e-05
1.333569516513716167e+02 1.051053629454518274e-04
1.628362126147617346e+02 8.908275460048723784e-05
1.988320204561842104e+02 7.873710335495624139e-05
2.427848924011668430e+02 0.000000000000000000e+00
2.964537796427790113e+02 0.000000000000000000e+00
3.619864588578782332e+02 0.000000000000000000e+00
