1.065142282751382119e+00 3.940594470499438895e-01 -1.392445023321186963e-02 2.721594735611046811e+00 -5.487061159373931261e-03 -5.116283497691870470e-03
1.380940840906315525e+00 3.227805539131791135e-01 -1.392445023321186963e-02 2.721594735611046811e+00 -4.494541759212623659e-03 -5.116283497691871338e-03
1.562560799463331929e+00 2.859482732275681061e-01 -1.392445023321186963e-02 2.721594735611046811e+00 -3.981672499830142022e-03 -5.116283497691870470e-03
2.017594533113010069e+00 2.199254644675404657e-01 -1.392445023321186963e-02 2.721594735611046811e+00 -3.062341184994272613e-03 -5.116283497691870470e-03
2.409382448094366413e+00 1.729814768138804026e-01 -1.392445023321186963e-02 2.721594735611046811e+00 -2.408671965162370414e-03 -5.116283497691870470e-03
3.043369356404918680e+00 1.420409453012221601e-01 -1.392445023321186963e-02 2.721594735611046811e+00 -1.977842073925237514e-03 -5.116283497691872205e-03
3.748766643137462662e+00 1.146939268971231829e-01 -1.392445023321186963e-02 2.721594735611046811e+00 -1.597049877130631923e-03 -5.116283497691870470e-03
4.512581866141481157e+00 8.601133600795933531e-02 -1.392445023321186963e-02 2.721594735611046811e+00 -1.197660567734893950e-03 -5.116283497691871338e-03
5.522010349546437880e+00 6.510175455663301525e-02 -1.392445023321186963e-02 2.721594735611046811e+00 -9.065061414186105027e-04 -5.116283497691870470e-03
6.742737007611430577e+00 5.454032014907911341e-02 -1.392445023321186963e-02 2.721594735611046811e+00 -7.594439736192947236e-04 -5.116283497691871338e-03
8.231758262076617427e+00 4.430677473037191588e-02 -1.392445023321186963e-02 2.721594735611046811e+00 -6.169474797271930428e-04 -5.116283497691871338e-03
1.002196910534685514e+01 3.805173173782616658e-02 -1.392445023321186963e-02 2.721594735611046811e+00 -5.298494448708890303e-04 -5.116283497691870470e-03
1.222557844022402129e+01 3.125884584994999965e-02 -1.392445023321186963e-02 2.721594735611046811e+00 -4.352622433852701704e-04 -5.116283497691871338e-03
1.493406457287285782e+01 2.033559626011768526e-02 -1.392445023321186963e-02 2.721594735611046811e+00 -2.831619980866981233e-04 -5.116283497691871338e-03
1.824131659120113724e+01 1.248602614230826316e-02 -1.392445023321186963e-02 2.721594735611046811e+00 -1.738610496291537947e-04 -5.116283497691871338e-03
2.227709374732691927e+01 8.326307557348007829e-03 -1.392445023321186963e-02 2.721594735611046811e+00 -1.159392552087082134e-04 -5.116283497691871338e-03
2.718859726386289566e+01 3.033306907042458440e-03 -1.392445023321186963e-02 2.721594735611046811e+00 -4.223713106917053396e-05 -5.116283497691871338e-03
3.319560897358545759e+01 -9.840176738592264563e-04 -1.392445023321186963e-02 2.721594735611046811e+00 1.370190512825370756e-05 -5.116283497691871338e-03
4.052608185107917649e+01 -4.177905734459860972e-03 -1.392445023321186963e-02 2.721594735611046811e+00 5.817504047853682070e-05 -5.116283497691871338e-03
4.948011474294214906e+01 -3.902029381685324406e-03 -1.392445023321186963e-02 2.721594735611046811e+00 5.433361393380777953e-05 -5.116283497691870470e-03
6.038312483755007065e+01 3.303056370799219415e-04 -1.392445023321186963e-02 2.721594735611046811e+00 -4.599324405268714074e-06 -5.116283497691870470e-03
7.368273487281392420e+01 1.331475171770556479e-03 -1.392445023321186963e-02 2.721594735611046811e+00 -1.854005976607634023e-05 -5.116283497691871338e-03
8.986147257878756989e+01 -2.571844579121329230e-03 -1.392445023321186963e-02 2.721594735611046811e+00 3.581152184953067635e-05 -5.116283497691871338e-03
1.095716688633486910e+02 -5.784345293347337505e-03 -1.392445023321186963e-02 2.721594735611046811e+00 8.054382816892831007e-05 -5.116283497691871338e-03
1.333413173820412396e+02 -6.837041191274829282e-05 -1.392445023321186963e-02 2.721594735611046811e+00 9.520203981032596016e-07 -5.116283497691871338e-03
1.615582000621284919e+02 6.319760798854323625e-03 -1.392445023321186963e-02 2.721594735611046811e+00 -8.799919472945032001e-05 -5.116283497691871338e-03
1.891300183624592535e+02 -1.101582128108054802e-02 -1.392445023321186963e-02 2.721594735611046811e+00 1.533892552063623139e-04 -5.116283497691870470e-03
2.427848924011668430e+02 0.000000000000000000e+00 -1.392445023321186963e-02 2.721594735611046811e+00 -0.000000000000000000e+00 nan
2.964537796427790113e+02 0.000000000000000000e+00 -1.392445023321186963e-02 2.721594735611046811e+00 -0.000000000000000000e+00 nan
3.619864588578782332e+02 0.000000000000000000e+00 -1.392445023321186963e-02 2.721594735611046811e+00 -0.000000000000000000e+00 nan
