1.105013710352757528e+00 5.630039376989682404e-03
1.349282847673563213e+00 4.787365967128072962e-03
1.647548972442065551e+00 3.899538097348014334e-03
2.011748404921259947e+00 3.095355354247048517e-03
2.456456052231580589e+00 2.539101151873536955e-03
2.999468681960427041e+00 2.244299290184209074e-03
3.662517131494461786e+00 2.003920125974405133e-03
4.472135954999578722e+00 1.561574527732403602e-03
5.460725310474971117e+00 1.309776503474097391e-03
6.667847582568580123e+00 1.156429744432894285e-03
8.141810630738087085e+00 9.550144144915283543e-04
9.941601022809212651e+00 8.249268220632917023e-04
1.213924462005834393e+01 7.261275248479653497e-04
1.482268898213895270e+01 6.260974277014141540e-04
1.809932294289391663e+01 5.336719519740638082e-04
2.210027420705515055e+01 4.665246186665749002e-04
2.698565695347125981e+01 3.891158043179600442e-04
3.295097944884130925e+01 3.186462879156154058e-04
4.023496809842519184e+01 2.528072790116158612e-04
4.912912104463160290e+01 1.936411157528700828e-04
5.998937363920854438e+01 1.428029325267644455e-04
7.325034262988924638e+01 1.002977661662371759e-04
8.944271909999159220e+01 6.613982944982667821e-05
1.092145062094994330e+02 4.079085999014485294e-05
1.333569516513716167e+02 2.099240246111777516e-05
1.628362126147617346e+02 7.625525331107788935e-06
1.988320204561842104e+02 7.464326896750812963e-07
2.427848924011668430e+02 0.000000000000000000e+00
2.964537796427790113e+02 0.000000000000000000e+00
3.619864588578782332e+02 0.000000000000000000e+00
