1.105013710352757528e+00 3.324012722458824856e-03
1.349282847673563213e+00 2.834201869107669247e-03
1.647548972442065551e+00 2.316808592422151761e-03
2.011748404921259947e+00 1.850456294103105040e-03
2.456456052231580589e+00 1.491904683968180980e-03
2.999468681960427041e+00 1.315362919254421106e-03
3.662517131494461786e+00 1.190304119880740636e-03
4.472135954999578722e+00 9.165826508715682174e-04
5.460725310474971117e+00 7.914360573616815563e-04
6.667847582568580123e+00 6.808984147092312419e-04
8.141810630738087085e+00 5.812449902126629172e-04
9.941601022809212651e+00 4.944375023798310096e-04
1.213924462005834393e+01 4.503111248815391972e-04
1.482268898213895270e+01 3.972239357359092643e-04
1.809932294289391663e+01 3.407348987588260775e-04
2.210027420705515055e+01 3.076672620686548296e-04
2.698565695347125981e+01 2.638881190075710961e-04
3.295097944884130925e+01 2.209965142827854891e-04
4.023496809842519184e+01 1.853929853998364792e-04
4.912912104463160290e+01 1.505979565006168651e-04
5.998937363920854438e+01 1.204585682075510290e-04
7.325034262988924638e+01 9.242665442708435401e-05
8.944271909999159220e+01 6.963481497000884068e-05
1.092145062094994330e+02 5.036348628055651764e-05
1.333569516513716167e+02 3.389429311043057802e-05
1.628362126147617346e+02 2.138827256571898376e-05
1.988320204561842104e+02 1.295299102096574244e-05
2.427848924011668430e+02 8.695215221560253252e-06
2.964537796427790113e+02 6.436102236625853320e-06
3.619864588578782332e+02 1.791345331218868351e-06
