1.181779290956936901e+00 4.274526207934885080e-07 1.886066955944978168e-04 5.964267400366582943e-05
1.650475667020468773e+00 1.166383574687972831e-04 3.883624790786286351e-05 1.228109991637956917e-05
2.305058100333494231e+00 9.150470032946069333e-05 4.264698865620875767e-05 1.348616195009832357e-05
3.219249427351393855e+00 6.569128910301595963e-05 2.858068993540416116e-05 9.038007729492781843e-06
4.496011130479915074e+00 4.990160030488233677e-05 2.366505997519230780e-05 7.483549048609549103e-06
6.279139452089696150e+00 3.787240351653740320e-05 2.008098433519424003e-05 6.350164815737591787e-06
8.769460553933431157e+00 3.024782053950423572e-05 1.927893769127381760e-05 6.096535397289334134e-06
1.224744871391589562e+01 2.585953658823282529e-05 1.863345792385513855e-05 5.892416772429457532e-06
1.710481495155585563e+01 2.195930497509945937e-05 1.789563746174663124e-05 5.659097455975373193e-06
2.388862377472441167e+01 1.825748202327908445e-05 1.623824216187589873e-05 5.134983042890444303e-06
3.336290672927862033e+01 1.492238478061923604e-05 1.460332799749543828e-05 4.617977789059125742e-06
4.659471202373126886e+01 1.140263982696359076e-05 1.299598856752847772e-05 4.109692431889896183e-06
6.507428163233633711e+01 7.390490623777396869e-06 1.182533314239483111e-05 3.739498682024391192e-06
9.088289091276847387e+01 5.093142721883867718e-06 9.620471162092661003e-06 3.042260103617974786e-06
1.269272538009517746e+02 3.129390490482719917e-06 6.455223254256575929e-06 2.041320828833499482e-06
