1.105013710352757528e+00 7.594816446807722008e-04
1.349282847673563213e+00 6.332240682659072981e-04
1.647548972442065551e+00 5.134569213277592270e-04
2.011748404921259947e+00 4.026309297437913543e-04
2.456456052231580589e+00 3.291780347983795760e-04
2.999468681960427041e+00 2.980837733708070498e-04
3.662517131494461786e+00 2.901486230001888190e-04
4.472135954999578722e+00 1.990179315816099849e-04
5.460725310474971117e+00 1.765242597130651332e-04
6.667847582568580123e+00 1.545440785544392693e-04
8.141810630738087085e+00 1.282819708107882047e-04
9.941601022809212651e+00 1.052101970678569372e-04
1.213924462005834393e+01 9.720205299956688873e-05
1.482268898213895270e+01 8.859708431004153855e-05
1.809932294289391663e+01 7.573677986630768905e-05
2.210027420705515055e+01 6.901795180817899185e-05
2.698565695347125981e+01 5.912050412637390910e-05
3.295097944884130925e+01 4.916217646328448351e-05
4.023496809842519184e+01 4.138497027193984194e-05
4.912912104463160290e+01 3.518573051211853190e-05
5.998937363920854438e+01 2.454225950674835861e-05
7.325034262988924638e+01 2.034251973422745318e-05
8.944271909999159220e+01 1.455151988133843874e-05
1.092145062094994330e+02 1.094209016456037256e-05
1.333569516513716167e+02 6.736148885730183861e-06
1.628362126147617346e+02 4.274936493245874673e-06
1.988320204561842104e+02 2.376111782525348222e-06
2.427848924011668430e+02 0.000000000000000000e+00
2.964537796427790113e+02 0.000000000000000000e+00
3.619864588578782332e+02 0.000000000000000000e+00
