1.111679345575051991e+00 1.596253720266638254e-02 1.197948420523637942e-03 3.788245528255895496e-04
1.342055345787726006e+00 1.415159363870448564e-02 1.294595824615797468e-03 4.093871455129797468e-04
1.700233413001971838e+00 1.164839228087257740e-02 9.916766454366012298e-04 3.135956901974882552e-04
2.014244352383761871e+00 9.904416682863481994e-03 8.826326590420156782e-04 2.791129539823579875e-04
2.517574482879040954e+00 8.089791438750909558e-03 7.987325455757029102e-04 2.525814085323467182e-04
2.981231372957572123e+00 7.185584706986070450e-03 7.657017714652477290e-04 2.421361606255906555e-04
3.652782557758734949e+00 6.227459003836471364e-03 7.370858122788820225e-04 2.330869997796572262e-04
4.503793131387242354e+00 5.047870629582044792e-03 6.713943825196929662e-04 2.123135457004568256e-04
5.500454582299827422e+00 4.282262353242556954e-03 6.401929676323705369e-04 2.024467919740743536e-04
6.722183116457392416e+00 3.724455952027026871e-03 6.090671124575914447e-04 1.926039323267903273e-04
8.213820348180458808e+00 3.210507888768285994e-03 5.787520275655434667e-04 1.830174607547672115e-04
1.001569573036508842e+01 2.840277548046216041e-03 5.377526023265640160e-04 1.700523041034703693e-04
1.223196575630376337e+01 2.542594577529619197e-03 5.074348943093542940e-04 1.604650030264373798e-04
1.493500562172566859e+01 2.285537950624589275e-03 4.982432275862811941e-04 1.575583427926286449e-04
1.823408454964141612e+01 2.045490306592994550e-03 4.922406381791451799e-04 1.556601573540936870e-04
2.226383630284517068e+01 1.824189425252604763e-03 4.877934900175683887e-04 1.542538456258123766e-04
2.717828426700979705e+01 1.592907929739720936e-03 4.708858264561710657e-04 1.489071729492274111e-04
3.318070112478557121e+01 1.385054837366598516e-03 4.684966954267826694e-04 1.481516633810824187e-04
4.049955370837444235e+01 1.192288834887647846e-03 4.591515638266919141e-04 1.451964732920523566e-04
4.941642554580963065e+01 1.005262662627631840e-03 4.552659557951857809e-04 1.439677361446320945e-04
6.029343887487730314e+01 8.197258949944124466e-04 4.368747597856171444e-04 1.381519293161484073e-04
7.354422051950945161e+01 6.766187165917501639e-04 4.354318984407354494e-04 1.376956564963844243e-04
8.954553726706151906e+01 5.804009566906759114e-04 4.249276315666818387e-04 1.343739156491577825e-04
1.087279520713279055e+02 4.486002321158782838e-04 3.782530699730506812e-04 1.196141233065884881e-04
1.294818028888185211e+02 3.187717853117419333e-04 3.105458074485014687e-04 9.820320693533472083e-05
1.618896840546954934e+02 -1.151128942125170840e-05 2.269027152983720647e-04 7.175293876195879374e-05
1.988320204561827609e+02 0.000000000000000000e+00 0.000000000000000000e+00 0.000000000000000000e+00
2.427848924011637450e+02 0.000000000000000000e+00 0.000000000000000000e+00 0.000000000000000000e+00
2.964537796427808303e+02 0.000000000000000000e+00 0.000000000000000000e+00 0.000000000000000000e+00
3.619864588578771532e+02 0.000000000000000000e+00 0.000000000000000000e+00 0.000000000000000000e+00
