1.105013710352757528e+00 1.532715303407298016e-03
1.349282847673563213e+00 1.219521156139041903e-03
1.647548972442065551e+00 1.117075228441891197e-03
2.011748404921259947e+00 8.496986706706880074e-04
2.456456052231580589e+00 6.286922570584756653e-04
2.999468681960427041e+00 6.310697938927705862e-04
3.662517131494461786e+00 5.279247408457528367e-04
4.472135954999578722e+00 4.517025559199678891e-04
5.460725310474971117e+00 3.581290816742188740e-04
6.667847582568580123e+00 3.109370968853803689e-04
8.141810630738087085e+00 2.603456803849739896e-04
9.941601022809212651e+00 2.170348608063522064e-04
1.213924462005834393e+01 2.002817605827502800e-04
1.482268898213895270e+01 1.824103204503517027e-04
1.809932294289391663e+01 1.528024826012980677e-04
2.210027420705515055e+01 1.290871184376567692e-04
2.698565695347125981e+01 1.248091602223804788e-04
3.295097944884130925e+01 9.442661487426530704e-05
4.023496809842519184e+01 7.380376571772427814e-05
4.912912104463160290e+01 6.464144765915069495e-05
5.998937363920854438e+01 5.178424331055423764e-05
7.325034262988924638e+01 3.681337969223709829e-05
8.944271909999159220e+01 2.834360192673600343e-05
1.092145062094994330e+02 2.009752110814538154e-05
1.333569516513716167e+02 1.203125771102683900e-05
1.628362126147617346e+02 7.348858609804568803e-06
1.988320204561842104e+02 4.494258624111882196e-06
2.427848924011668430e+02 0.000000000000000000e+00
2.964537796427790113e+02 0.000000000000000000e+00
3.619864588578782332e+02 0.000000000000000000e+00
