1.133449777299776251e+00 0.000000000000000000e+00
1.456152447223913349e+00 1.513858058060080225e-01
1.870731277223049771e+00 1.204283520696062815e-01
2.403344181615375774e+00 1.154849024152295595e-01
3.087596452590766205e+00 8.225398817255344386e-02
3.966661091231400427e+00 6.306990672317740187e-02
5.096002814579777329e+00 4.946190824311178652e-02
6.546877610394283842e+00 4.066786465323569966e-02
8.410828644531743947e+00 3.324382327393456821e-02
1.080546219091687909e+01 2.795834029783502220e-02
1.388186801727839459e+01 2.338922286407121159e-02
1.783415241701798593e+01 1.920850985597831809e-02
2.291168537530766258e+01 1.574079177422234299e-02
2.943483460622246994e+01 1.248831859842162301e-02
3.781517920237402564e+01 1.006260178732828331e-02
4.858147828034218918e+01 7.682922479623216158e-03
6.241303311753680561e+01 5.621585682584448289e-03
8.018254776958816876e+01 3.855118321796779587e-03
1.030111924654371762e+02 2.415948147502659186e-03
1.323393440134116474e+02 1.880657236800266884e-03
