1.153262130420834808e+00 0.000000000000000000e+00
1.527116010317205896e+00 1.486760022828766958e-01
2.083199548965450898e+00 1.217974393233662717e-01
2.847196488728480634e+00 9.238543699452855806e-02
3.683757157087754308e+00 7.317193963020612868e-02
4.713303820465424288e+00 5.745420032724971732e-02
6.446678056004571111e+00 4.360458508983591080e-02
8.625411078033152990e+00 3.435959547713061946e-02
1.148028000771194890e+01 2.802670874118998179e-02
1.526406353823522011e+01 2.302930105697984994e-02
2.031031967931985349e+01 1.866373146864601373e-02
2.701180997377628046e+01 1.481154560325534039e-02
3.592016359480960119e+01 1.183558964951177822e-02
4.778323850112741411e+01 9.315328160908731975e-03
6.356541465049124895e+01 6.823779863601843985e-03
8.453069119322678660e+01 4.689743387118516620e-03
1.123861525265209167e+02 2.867745119887634645e-03
1.493742709877236052e+02 1.650770305725270375e-03
1.986662273172059372e+02 7.189806646861813437e-04
2.642659921345786529e+02 2.663584167561181817e-04
