1.133449777299776251e+00 0.000000000000000000e+00
1.456152447223913349e+00 1.519577188185007866e-01
1.870731277223049771e+00 1.159861385701337205e-01
2.403344181615375774e+00 1.171113009053987575e-01
3.087596452590766205e+00 8.278899475154262444e-02
3.966661091231400427e+00 6.313829329509368371e-02
5.096002814579777329e+00 4.847321636962634989e-02
6.546877610394283842e+00 4.025072800135039153e-02
8.410828644531743947e+00 3.310606821475706174e-02
1.080546219091687909e+01 2.741343217206353503e-02
1.388186801727839459e+01 2.306065785081400088e-02
1.783415241701798593e+01 1.935994017213680043e-02
2.291168537530766258e+01 1.589399215379374425e-02
2.943483460622246994e+01 1.288449469511226096e-02
3.781517920237402564e+01 1.031876519085334759e-02
4.858147828034218918e+01 8.211534461611789959e-03
6.241303311753680561e+01 5.729547425911577473e-03
8.018254776958816876e+01 4.291771967101330222e-03
1.030111924654371762e+02 2.785070688177951857e-03
1.323393440134116474e+02 1.201354971524198076e-03
