1.153262130420834808e+00 0.000000000000000000e+00
1.533854250315950685e+00 1.386596349724566191e-01
2.040046923550489666e+00 1.125006087069772148e-01
2.713290033541681190e+00 8.793657781506708515e-02
3.608712486526497898e+00 6.550532671331517343e-02
4.799636474326143265e+00 5.259834216879798185e-02
6.383581504952553054e+00 3.981479384529876264e-02
8.490249844618388053e+00 3.123742447437171874e-02
1.129214726374491029e+01 2.530979683337586036e-02
1.501870877297286455e+01 2.042574064222359501e-02
1.997508604334010229e+01 1.638480932932652803e-02
2.656713492952695788e+01 1.267699253359824176e-02
3.533464921414027060e+01 9.868623521762362460e-03
4.699556193764453838e+01 7.487430342011547335e-03
6.250473376572107043e+01 5.331535241933128139e-03
8.313214231393634179e+01 3.368935728815152311e-03
1.105668750083481200e+02 1.888650722441863024e-03
1.470554409983280664e+02 9.279476257713960025e-04
1.955857278735605860e+02 3.584515443381459292e-04
2.601316665886942019e+02 -3.418465590935085025e-05
