1.153262130420834808e+00 0.000000000000000000e+00
1.519451389878145875e+00 1.376638199265702023e-01
2.087834046011111777e+00 1.125659597702839826e-01
2.830245244814005190e+00 8.395400216902014490e-02
3.697161765847317927e+00 6.532591881325970629e-02
4.707423039782721474e+00 5.121206350612370062e-02
6.439225881302446552e+00 3.832086128850564766e-02
8.617062550107915442e+00 3.011272872859938401e-02
1.147702629541022112e+01 2.428417295837055623e-02
1.526655230810798081e+01 1.962593377150471247e-02
2.030576798435521013e+01 1.592920898342897393e-02
2.701541811125038706e+01 1.219492820342922210e-02
3.592782407446448190e+01 9.338018397333572307e-03
4.778978852967208013e+01 6.902672605399509491e-03
6.356107640727968544e+01 4.873947263200575919e-03
8.452092709293368955e+01 2.994059267762553753e-03
1.123781563426147585e+02 1.777021069461527398e-03
1.493793523345468088e+02 1.047023515595333146e-03
1.987250081137288475e+02 5.507955476553453092e-04
2.642581159225221086e+02 9.739274718992866839e-05
