1.153262130420834808e+00 0.000000000000000000e+00
1.529025505793216499e+00 1.382732807130256092e-01
2.080724343011088440e+00 1.147909896423005977e-01
2.847778046046429257e+00 8.525630640789533254e-02
3.687919747573788598e+00 6.529780021593395434e-02
4.715585155917666249e+00 5.184803398901326188e-02
6.446248917393419653e+00 3.872951899649670904e-02
8.623552144634501815e+00 3.026291295792563063e-02
1.147867953529760143e+01 2.454595591996588250e-02
1.526416899998788601e+01 2.023378519498996581e-02
2.031016556443381305e+01 1.617572216799671378e-02
2.701204487791340014e+01 1.287164960270302701e-02
3.592074209736454549e+01 1.010468406361824875e-02
4.778215779424443355e+01 7.828616839402138122e-03
6.356294787831161841e+01 5.742897587049846514e-03
8.453216785558241497e+01 3.992152853481032923e-03
1.123879372991366665e+02 2.606892183430759707e-03
1.493754565749144660e+02 1.517757511300876858e-03
1.986751757643848464e+02 9.708847398306617773e-04
2.642816222566560214e+02 6.209430181929575512e-04
