1.105013710352757528e+00 3.250984873610835747e-03
1.349282847673563213e+00 2.788178714535148161e-03
1.647548972442065551e+00 2.355157813216783060e-03
2.011748404921259947e+00 1.857811832502605709e-03
2.456456052231580589e+00 1.474592304167418079e-03
2.999468681960427041e+00 1.361779150646411606e-03
3.662517131494461786e+00 1.241290349212573066e-03
4.472135954999578722e+00 1.018897022109618768e-03
5.460725310474971117e+00 8.408088644756794806e-04
6.667847582568580123e+00 7.238342489765737554e-04
8.141810630738087085e+00 6.175102188835572634e-04
9.941601022809212651e+00 5.059501141006324991e-04
1.213924462005834393e+01 4.494008763834843648e-04
1.482268898213895270e+01 4.057579140850890048e-04
1.809932294289391663e+01 3.303061252008670807e-04
2.210027420705515055e+01 3.271618400387599820e-04
2.698565695347125981e+01 2.696954043567684721e-04
3.295097944884130925e+01 2.442124443749603305e-04
4.023496809842519184e+01 1.979461983128443685e-04
4.912912104463160290e+01 1.599255111836918905e-04
5.998937363920854438e+01 1.313939227944574590e-04
7.325034262988924638e+01 1.034589119201795445e-04
8.944271909999159220e+01 7.652886533468174115e-05
1.092145062094994330e+02 5.792833588243444676e-05
1.333569516513716167e+02 4.284132861316211155e-05
1.628362126147617346e+02 2.646238612074850835e-05
1.988320204561842104e+02 1.626701195985369246e-05
2.427848924011668430e+02 8.953506898527476373e-06
2.964537796427790113e+02 4.764779425951805741e-06
3.619864588578782332e+02 1.077084202001696081e-06
