1.181779290956937123e+00 2.741028609515749892e-03
1.650475667020468551e+00 2.018391588616489773e-03
2.305058100333493787e+00 1.447081498662893548e-03
3.219249427351394743e+00 1.153249790855216238e-03
4.496011130479917739e+00 8.486185142104311647e-04
6.279139452089698814e+00 6.788918042120232988e-04
8.769460553933432934e+00 5.063523076487418291e-04
1.224744871391588852e+01 3.941051699604175475e-04
1.710481495155586629e+01 3.184213736659289749e-04
2.388862377472441878e+01 2.565146545003588619e-04
3.336290672927862033e+01 2.017038178540397984e-04
4.659471202373124754e+01 1.444147728443714428e-04
6.507428163233632290e+01 9.601132421914805625e-05
9.088289091276841702e+01 5.988804208173151836e-05
1.269272538009517319e+02 4.966362636605604322e-05
