1.181779290956937123e+00 2.629892472145130278e-03
1.650475667020468551e+00 1.813410280006563834e-03
2.305058100333493787e+00 1.432408749769840863e-03
3.219249427351394743e+00 1.186392657790312543e-03
4.496011130479917739e+00 8.374955077430563163e-04
6.279139452089698814e+00 6.339921294086832025e-04
8.769460553933432934e+00 4.874282492772741521e-04
1.224744871391588852e+01 4.108374842872128678e-04
1.710481495155586629e+01 3.142685186795436854e-04
2.388862377472441878e+01 2.574207001140476942e-04
3.336290672927862033e+01 1.979989151420151570e-04
4.659471202373124754e+01 1.374864883933640857e-04
6.507428163233632290e+01 9.930999248149654395e-05
9.088289091276841702e+01 9.788745193211576033e-05
1.269272538009517319e+02 6.870016359068348299e-05
