1.181779290956937123e+00 7.058577895535924837e-04
1.650475667020468551e+00 4.939469169154415669e-04
2.305058100333493787e+00 3.420540025365678542e-04
3.219249427351394743e+00 3.045531796937250109e-04
4.496011130479917739e+00 2.089977799424311332e-04
6.279139452089698814e+00 1.737465333729680929e-04
8.769460553933432934e+00 1.713616947106918608e-04
1.224744871391588852e+01 1.158584533912098715e-04
1.710481495155586629e+01 1.012068091782951899e-04
2.388862377472441878e+01 6.954623683275136883e-05
3.336290672927862033e+01 5.564950627538750713e-05
4.659471202373124754e+01 3.985312335820457783e-05
6.507428163233632290e+01 2.707317124571431477e-05
9.088289091276841702e+01 1.846023989838791100e-05
1.269272538009517319e+02 9.363778565031567321e-06
