1.105013710352757528e+00 8.543760329545217139e-05
1.349282847673563213e+00 6.038481954399449312e-05
1.647548972442065551e+00 5.057288248043878413e-05
2.011748404921259947e+00 3.519768266236926923e-05
2.456456052231580589e+00 3.170730084560188897e-05
2.999468681960427041e+00 3.591629439827722004e-05
3.662517131494461786e+00 2.561039396235437440e-05
4.472135954999578722e+00 2.436323775479589619e-05
5.460725310474971117e+00 1.478516153614060888e-05
6.667847582568580123e+00 1.353354238551759644e-05
8.141810630738087085e+00 1.353583891009988887e-05
9.941601022809212651e+00 1.148455322830819323e-05
1.213924462005834393e+01 1.090490519768415411e-05
1.482268898213895270e+01 8.740331588154382565e-06
1.809932294289391663e+01 6.727757472895754370e-06
2.210027420705515055e+01 5.104870717443670356e-06
2.698565695347125981e+01 5.196549820626397822e-06
3.295097944884130925e+01 4.505271172607146352e-06
4.023496809842519184e+01 4.082582122226859817e-06
4.912912104463160290e+01 2.692499134130836188e-06
5.998937363920854438e+01 2.396073944360542698e-06
7.325034262988924638e+01 2.173701581525152123e-06
8.944271909999159220e+01 1.505518257430078942e-06
1.092145062094994330e+02 1.223746803935313559e-06
1.333569516513716167e+02 8.549354855087669892e-07
1.628362126147617346e+02 5.427137234123812985e-07
1.988320204561842104e+02 2.509507519371937067e-07
2.427848924011668430e+02 0.000000000000000000e+00
2.964537796427790113e+02 0.000000000000000000e+00
3.619864588578782332e+02 0.000000000000000000e+00
