1.181779290956938233e+00 4.375895730774096923e-06 2.883109286561544044e-03 2.883109286561544261e-04
1.650475667020467441e+00 1.919477532893509430e-03 1.219041904524402475e-02 1.219041904524402562e-03
2.305058100333496451e+00 1.738738777607660210e-03 9.716100980999488324e-03 9.716100980999488757e-04
3.219249427351392523e+00 1.126427257841743773e-03 6.918109991881637132e-03 6.918109991881636915e-04
4.496011130479924844e+00 8.061634075150910482e-04 5.332581887620584972e-03 5.332581887620584972e-04
6.279139452089689044e+00 5.872297387982253810e-04 4.254779946785955391e-03 4.254779946785955174e-04
8.769460553933420499e+00 4.422943772421838657e-04 3.448264275439066884e-03 3.448264275439066992e-04
1.224744871391589918e+01 3.295311455638746880e-04 2.837153970954630310e-03 2.837153970954630418e-04
1.710481495155589471e+01 2.314676391620274615e-04 2.290199842582745469e-03 2.290199842582745578e-04
2.388862377472441878e+01 1.465730475831040092e-04 1.821842148264373818e-03 1.821842148264373764e-04
3.336290672927862033e+01 8.256997804243268848e-05 1.453639427756361858e-03 1.453639427756361750e-04
4.659471202373120491e+01 3.588147719546562822e-05 1.127985795118778079e-03 1.127985795118778025e-04
6.507428163233633711e+01 -6.071213189192228073e-06 8.224597448473807077e-04 8.224597448473807077e-05
9.088289091276848808e+01 -3.849588578017242610e-05 5.986734222319912112e-04 5.986734222319912112e-05
1.269272538009517888e+02 -5.646535562352096284e-05 4.738932022008316780e-04 4.738932022008316645e-05
