1.170028672332320996e+00 -2.501719662488041543e-04 3.871354759799397471e-04 1.224229867150015494e-04
1.727974190602617366e+00 -8.889214124984453225e-05 1.817215476801479818e-04 5.746539906001549389e-05
2.393104300848638566e+00 -1.318404745592285682e-04 1.574305339085630198e-04 4.978390604074293453e-05
3.315260809467314829e+00 -1.393525078228430520e-04 1.634494892945864556e-04 5.168726685622014030e-05
4.638795638642575270e+00 -1.350544657299843749e-04 1.654947114479500569e-04 5.233402288878645812e-05
6.438447573853650852e+00 -1.385565110042007793e-04 1.680211380512051207e-04 5.313294912953931158e-05
8.966390331925257584e+00 -1.406614143278777664e-04 1.836567927332621224e-04 5.807737727985691197e-05
1.251766267035227287e+01 -1.455952106034525285e-04 1.945706644388276905e-04 6.152864654790229113e-05
1.747453303165560712e+01 -1.575748306094184638e-04 2.004361938556926373e-04 6.338348981190353355e-05
2.438626513934759288e+01 -1.658817623061344419e-04 2.064207302102268580e-04 6.527596637394444989e-05
3.402364393898769634e+01 -1.678085672690664948e-04 2.016013823306448012e-04 6.375195476032622613e-05
4.740064492973716881e+01 -1.686684719043217364e-04 2.009665241172912476e-04 6.355119496577998613e-05
6.592234160275538102e+01 -1.550090242967585945e-04 2.027442756291771247e-04 6.411336935491671551e-05
9.113085873861518849e+01 -1.358813206160983632e-04 2.112484811830115208e-04 6.680263527895375232e-05
1.205870499188606999e+02 -1.034854160678895356e-04 2.404376746961736069e-04 7.603306873545417259e-05
