1.181779290956917139e+00 1.507241948041903863e-04 2.069228043545363546e-04 6.543473615897425788e-05
1.650475667020440351e+00 7.999677943136352450e-05 1.054831746308042625e-04 3.335670866586322556e-05
2.305058100333515103e+00 8.462438412335325088e-05 1.069255877096203603e-04 3.381283973145070992e-05
3.219249427351344117e+00 8.049203906750841187e-05 1.135528810732279665e-04 3.590857390656255479e-05
4.496011130479927509e+00 7.229075698718177400e-05 1.212299931831151915e-04 3.833628991853300829e-05
6.279139452089780526e+00 5.931038181816666941e-05 1.296649990359466452e-04 4.100367297571284940e-05
8.769460553933528857e+00 4.957689875347683431e-05 1.327165778729885368e-04 4.196866693417486730e-05
1.224744871391571444e+01 3.730372499890520824e-05 1.353243793026857574e-04 4.279332615450353282e-05
1.710481495155556431e+01 2.836887002997087848e-05 1.402134785160339607e-04 4.433939507657531974e-05
2.388862377472463194e+01 2.934746328874895293e-05 1.545381217166007367e-04 4.886924499487883816e-05
3.336290672927862033e+01 2.695174450763462631e-05 1.388195887157004976e-04 4.389860841894221316e-05
4.659471202373191545e+01 1.938865934679851838e-05 1.444786549366265194e-04 4.568816228772699229e-05
6.507428163233454654e+01 1.877040273446944246e-05 1.453901078387149701e-04 4.597638900278398625e-05
9.088289091276736542e+01 -1.105271163682806231e-05 1.598875533037192166e-04 5.056088379513321842e-05
1.269272538009529114e+02 -4.387659991017650563e-05 1.874914164607981637e-04 5.928999177473079618e-05
