1.125753606907459403e+00 1.598145425285446564e-02 1.199112275458252570e-03 3.791925960715303886e-04
1.412586343630873875e+00 1.020862101488155885e-02 1.377794696482416556e-03 4.356969388984818130e-04
1.879796318896366003e+00 1.064441057543273964e-02 9.709264780361297718e-04 3.070339111159617698e-04
2.486808922755232576e+00 8.232318113996286990e-03 7.837167287435798605e-04 2.478329903206064120e-04
3.156161803515606490e+00 6.978916622370193515e-03 7.473175728199875703e-04 2.363225665579902655e-04
4.045048101346687019e+00 5.711094964090704731e-03 6.833423634748416733e-04 2.160918290263152497e-04
5.153811988817057710e+00 4.559489920668209975e-03 6.190946727050947998e-04 1.957749253024575794e-04
6.630466012728713388e+00 3.848718251108792284e-03 5.769229928152474433e-04 1.824390691817139390e-04
8.533819399904398750e+00 3.219369000940423657e-03 5.416759308533395387e-04 1.712929695188427303e-04
1.095209542927051061e+01 2.776257859290549163e-03 5.297302136033142476e-04 1.675154020393984340e-04
1.405279048192109848e+01 2.408357477240022099e-03 5.149253568819530877e-04 1.628336952722030150e-04
1.804949864125168801e+01 2.085867654287064561e-03 5.060095817981823032e-04 1.600142796351535911e-04
2.318397935106133190e+01 1.787228051994355733e-03 4.852752329944165304e-04 1.534575028331248471e-04
2.977203585005378272e+01 1.503613827540531758e-03 4.638348212300429443e-04 1.466774493183958632e-04
3.822028358541383852e+01 1.265302723886775442e-03 4.589309202813751111e-04 1.451266996766307940e-04
4.904350633263555892e+01 1.025079839285173615e-03 4.343076188934438049e-04 1.373401280867659485e-04
6.289722092305693479e+01 7.873753418711172333e-04 3.939073148395834216e-04 1.245644301894126792e-04
8.056384494743240055e+01 5.835854056722056434e-04 3.349360850662195101e-04 1.059160899389161850e-04
1.026834166220136524e+02 4.173264574924780189e-04 2.763730522437846614e-04 8.739683289830685754e-05
1.268623349834307703e+02 2.776803065122109958e-04 2.338546054683807553e-04 7.395131946001505204e-05
