1.105013710352757528e+00 5.610455554197138137e-03
1.349282847673563213e+00 4.829783786729887653e-03
1.647548972442065551e+00 3.934991814247263894e-03
2.011748404921259947e+00 3.116583234688133103e-03
2.456456052231580589e+00 2.535199508777957397e-03
2.999468681960427041e+00 2.264928456156522097e-03
3.662517131494461786e+00 2.036451608323119195e-03
4.472135954999578722e+00 1.584551907047780000e-03
5.460725310474971117e+00 1.343082689720109585e-03
6.667847582568580123e+00 1.177412973439493369e-03
8.141810630738087085e+00 9.893410295177588153e-04
9.941601022809212651e+00 8.466502153835611449e-04
1.213924462005834393e+01 7.548563295585257980e-04
1.482268898213895270e+01 6.580028971957316416e-04
1.809932294289391663e+01 5.636144383192473678e-04
2.210027420705515055e+01 5.046345191839054015e-04
2.698565695347125981e+01 4.277175513423854135e-04
3.295097944884130925e+01 3.590097013935281958e-04
4.023496809842519184e+01 2.940520582130122062e-04
4.912912104463160290e+01 2.374310523053130458e-04
5.998937363920854438e+01 1.854507501395581985e-04
7.325034262988924638e+01 1.436478772803113316e-04
8.944271909999159220e+01 1.114433554462613424e-04
1.092145062094994330e+02 1.080475679651662354e-04
1.333569516513716167e+02 1.070184711830663978e-04
1.628362126147617346e+02 9.138316404462306210e-05
1.988320204561842104e+02 6.910032349146260657e-05
2.427848924011668430e+02 0.000000000000000000e+00
2.964537796427790113e+02 0.000000000000000000e+00
3.619864588578782332e+02 0.000000000000000000e+00
