1.181779290956916917e+00 1.403452821114915014e-04 2.940662985298313128e-03 9.299192864492910704e-05
1.650475667020440351e+00 2.739481948697943762e-03 1.391424662863682653e-02 4.400071127181142652e-04
2.305058100333515547e+00 2.200759521641675216e-03 1.132855380478224941e-02 3.582403261887840578e-04
3.219249427351344561e+00 1.521145252692518608e-03 8.390283331374610160e-03 2.653240554128905807e-04
4.496011130479927509e+00 1.090349662385098166e-03 6.602565695787416741e-03 2.087914599958263964e-04
6.279139452089781415e+00 7.512242904167779631e-04 5.263037996714235375e-03 1.664318748162676640e-04
8.769460553933528857e+00 5.172476617421535626e-04 4.360062216687613651e-03 1.378772734477546550e-04
1.224744871391571266e+01 3.666972658125058795e-04 3.770352540713066154e-03 1.192290161045601968e-04
1.710481495155556431e+01 2.512589736062577068e-04 3.303607139340059961e-03 1.044692305470783819e-04
2.388862377472463194e+01 1.644062045564439925e-04 2.990647687173872415e-03 9.457258370584169271e-05
3.336290672927862033e+01 9.023599028800270206e-05 2.723586727841376641e-03 8.612737464983881886e-05
4.659471202373191545e+01 3.862326550039752506e-05 2.531485584433213615e-03 8.005260310691445164e-05
6.507428163233454654e+01 -8.246350289427537263e-06 2.185049897501644724e-03 6.909734477222658909e-05
9.088289091276736542e+01 -3.910130150776874083e-05 1.770611776769408837e-03 5.599166066508942842e-05
1.269272538009529114e+02 -1.829609860529493514e-05 1.581495079789844039e-03 5.001126560485632513e-05
