1.181779290956937123e+00 3.581593162851199642e-03
1.650475667020468551e+00 2.336866725745538696e-03
2.305058100333493787e+00 1.428666709167920879e-03
3.219249427351394743e+00 1.376004873656187658e-03
4.496011130479917739e+00 9.752978105320481324e-04
6.279139452089698814e+00 8.472723837605306658e-04
8.769460553933432934e+00 6.637634927454482249e-04
1.224744871391588852e+01 5.232754931152976390e-04
1.710481495155586629e+01 4.351131589282015923e-04
2.388862377472441878e+01 3.359891215248124821e-04
3.336290672927862033e+01 2.477638432383472773e-04
4.659471202373124754e+01 1.809701370803316477e-04
6.507428163233632290e+01 1.279266040261990884e-04
9.088289091276841702e+01 7.633124848319900791e-05
1.269272538009517319e+02 3.990647131754363494e-05
