1.181779290956938455e+00 1.339243903119239493e-04 3.925249517659091386e-04 1.241272886028005112e-04
1.650475667020467441e+00 2.254727415125678831e-03 3.733587190372694080e-04 1.180663936440639640e-04
2.305058100333496451e+00 1.801858386905145007e-03 3.256957871122859172e-04 1.029940511596138007e-04
3.219249427351392079e+00 1.275569359719130619e-03 2.130455118819658280e-04 6.737090628234775232e-05
4.496011130479925733e+00 1.047858685713963945e-03 1.999139268725343935e-04 6.321833449055504922e-05
6.279139452089688156e+00 8.250076340365980693e-04 1.677483489870340214e-04 5.304668565318266117e-05
8.769460553933418723e+00 6.835560368224696468e-04 1.514666212600831487e-04 4.789795126719457855e-05
1.224744871391589918e+01 5.772979073067448707e-04 1.357465633955969779e-04 4.292683248705269749e-05
1.710481495155589826e+01 4.738972571892136987e-04 1.170277818966003388e-04 3.700743403106767141e-05
2.388862377472441523e+01 3.856020444018261003e-04 9.956636844301738974e-05 3.148565026314477703e-05
3.336290672927862033e+01 3.001631970544754312e-04 8.290860186747034497e-05 2.621800195212958487e-05
4.659471202373119780e+01 2.256431696575629899e-04 7.314308265327628680e-05 2.312987362703049105e-05
6.507428163233633711e+01 1.532564827198805587e-04 6.710828400750888482e-05 2.122150273291802466e-05
9.088289091276850229e+01 9.903324246211147631e-05 6.185631731365225409e-05 1.956068503812490508e-05
1.269272538009517746e+02 4.702568852005811078e-05 5.355332470197421825e-05 1.693504823327964752e-05
