1.170196650807629579e+00 3.057470871527805285e-03 6.679848434537153387e-04 2.112353547784756060e-04
1.728741717180933168e+00 2.220325828194251016e-03 4.682234488628287208e-04 1.480652552305914760e-04
2.393710174036052685e+00 1.642313956342158088e-03 3.352256226962493034e-04 1.060076497768383091e-04
3.316729294179075360e+00 1.287535779949362715e-03 2.494086786935925453e-04 7.886994928848609554e-05
4.641771371077560104e+00 9.513132323405977878e-04 1.891084184096119224e-04 5.980133268864904188e-05
6.441582057780140147e+00 7.422155954553647655e-04 1.502357062139341207e-04 4.750870175199436394e-05
8.972450222198244063e+00 5.844860784811886168e-04 1.308912920878845909e-04 4.139146088800915773e-05
1.252142630238285292e+01 4.825443010457993527e-04 1.154458868776128293e-04 3.650719490314008981e-05
1.748930368758193055e+01 3.995143575636709568e-04 1.070487632067758360e-04 3.385179124374419524e-05
2.442737707704790040e+01 3.304846625510807602e-04 1.006102430110113389e-04 3.181575238578329364e-05
3.410868842372579479e+01 2.700707716149690981e-04 9.021040439767155064e-05 2.852703465415120504e-05
4.760658317731971323e+01 2.084871967300198187e-04 7.503620448180119281e-05 2.372853131366263249e-05
6.644938642214297886e+01 1.535406552673203545e-04 6.877704818414457678e-05 2.174921230050445831e-05
9.270470634847877989e+01 1.095632550603096186e-04 6.033288458725130594e-05 1.907893331037819291e-05
1.293095091801143042e+02 5.958044899615338319e-05 4.637046987310445315e-05 1.466363009712290692e-05
