1.181779290956938455e+00 3.526058335861244515e-03 7.980255416387694841e-04 2.523578342568051137e-04
1.650475667020467441e+00 2.568973840657907872e-03 6.324975333988398394e-04 2.000132819978754607e-04
2.305058100333496451e+00 1.906793312083224874e-03 4.740478497273705621e-04 1.499070925043720684e-04
3.219249427351392079e+00 1.524518873216892337e-03 3.854236205213149675e-04 1.218816504875769237e-04
4.496011130479925733e+00 1.131762832231823302e-03 3.097498425242031328e-04 9.795150072549609847e-05
6.279139452089688156e+00 8.870678341143833131e-04 2.628140477744123505e-04 8.310909920554493586e-05
8.769460553933418723e+00 7.053743529172767143e-04 2.259618146976267712e-04 7.145539986694120736e-05
1.224744871391589918e+01 5.861658650954327176e-04 2.052412139475840640e-04 6.490297058122838046e-05
1.710481495155589826e+01 4.887104997127022631e-04 1.904143828258458631e-04 6.021431489849218637e-05
2.388862377472441523e+01 4.108640382030874375e-04 1.851613293702915504e-04 5.855315353947521481e-05
3.336290672927862033e+01 3.375890030817711761e-04 1.690593958157895907e-04 5.346127506298350057e-05
4.659471202373119780e+01 2.567645089020622381e-04 1.463063507013637741e-04 4.626613043636829055e-05
6.507428163233633711e+01 1.885165754093831819e-04 1.274006050335121216e-04 4.028760871894105272e-05
9.088289091276850229e+01 1.326167222515648217e-04 1.245173252742608281e-04 3.937583560187145023e-05
1.269272538009517746e+02 9.081196660459127151e-05 1.234197925756082715e-04 3.902876528844611875e-05
