1.181779290956937123e+00 1.186735782366232360e-04
1.650475667020468551e+00 7.771958050341110709e-05
2.305058100333493787e+00 6.303600289328952801e-05
3.219249427351394743e+00 4.584788350428918184e-05
4.496011130479917739e+00 3.286989271959757890e-05
6.279139452089698814e+00 2.482847176706602551e-05
8.769460553933432934e+00 1.917151347745823194e-05
1.224744871391588852e+01 1.507166539917910385e-05
1.710481495155586629e+01 1.272341858604414089e-05
2.388862377472441878e+01 1.101801416510804312e-05
3.336290672927862033e+01 7.362282490438155340e-06
4.659471202373124754e+01 6.837976687448528757e-06
6.507428163233632290e+01 4.878104312756589638e-06
9.088289091276841702e+01 2.449280795284290407e-06
1.269272538009517319e+02 1.512682107417019450e-06
