1.181779290956922912e+00 2.594531673826608840e-04 4.564951955812355730e-03 2.041508577443408611e-04
1.650475667020479875e+00 2.360066654524033570e-03 1.196123947361967324e-02 5.349228911633478268e-04
2.305058100333477800e+00 1.914072711073754084e-03 9.780102893116099025e-03 4.373794979189991102e-04
3.219249427351373427e+00 1.383791761001496078e-03 7.344776305099504597e-03 3.284683819546445620e-04
4.496011130479927509e+00 1.024129272114877648e-03 5.779915140256673516e-03 2.584856631558830474e-04
6.279139452089679274e+00 7.199013373122763139e-04 4.510161174121828445e-03 2.017005394963334545e-04
8.769460553933535962e+00 5.275910820431810571e-04 3.685406264002882501e-03 1.648163786202796349e-04
1.224744871391589918e+01 4.071209313356381320e-04 3.160278049236958566e-03 1.413319309178853321e-04
1.710481495155566734e+01 3.091708613085067175e-04 2.712406945104527730e-03 1.213025262379252773e-04
2.388862377472457155e+01 2.070467617799976801e-04 2.303526529160832524e-03 1.030168381435554590e-04
3.336290672927862033e+01 1.328909976044406619e-04 2.048626017331207656e-03 9.161734070454484523e-05
4.659471202373141097e+01 8.024391344540529050e-05 1.863984499119825935e-03 8.335992098075655529e-05
6.507428163233633711e+01 2.620109757569481345e-05 1.589232286007607239e-03 7.107262847100795529e-05
9.088289091276912757e+01 -5.395851187859985290e-06 1.402515161098814639e-03 6.272238479382035608e-05
1.269272538009522151e+02 -3.130286861102803375e-05 1.127016034454942370e-03 5.040168929546992582e-05
