1.105013710352757528e+00 1.290203127178998147e-04
1.349282847673563213e+00 1.355185189645562237e-04
1.647548972442065551e+00 1.121801405439146410e-04
2.011748404921259947e+00 7.317513517455564770e-05
2.456456052231580589e+00 7.201806958637157769e-05
2.999468681960427041e+00 7.073355048650477068e-05
3.662517131494461786e+00 5.600860633482890614e-05
4.472135954999578722e+00 4.535638139719902408e-05
5.460725310474971117e+00 3.412903120836456491e-05
6.667847582568580123e+00 3.243301098382615262e-05
8.141810630738087085e+00 2.483607496091574756e-05
9.941601022809212651e+00 2.390094469405763537e-05
1.213924462005834393e+01 2.087806658171478724e-05
1.482268898213895270e+01 1.776401339089313543e-05
1.809932294289391663e+01 1.633108667275553745e-05
2.210027420705515055e+01 1.460603180866198058e-05
2.698565695347125981e+01 1.187047419408744375e-05
3.295097944884130925e+01 9.981799861638699376e-06
4.023496809842519184e+01 9.217530969831701069e-06
4.912912104463160290e+01 7.877637801028128251e-06
5.998937363920854438e+01 6.342059934095542298e-06
7.325034262988924638e+01 4.522062358964609074e-06
8.944271909999159220e+01 3.183564548511527049e-06
1.092145062094994330e+02 2.381858667670255586e-06
1.333569516513716167e+02 1.732269801791061386e-06
1.628362126147617346e+02 1.009979732724662973e-06
1.988320204561842104e+02 5.028089098099002936e-07
2.427848924011668430e+02 0.000000000000000000e+00
2.964537796427790113e+02 0.000000000000000000e+00
3.619864588578782332e+02 0.000000000000000000e+00
