1.105013710352757528e+00 1.258628375811862189e-02
1.349282847673563213e+00 1.019211276488224058e-02
1.647548972442065551e+00 8.694108161174406157e-03
2.011748404921259947e+00 6.441149770745890901e-03
2.456456052231580589e+00 5.574254175238937785e-03
2.999468681960427041e+00 4.834718609730730317e-03
3.662517131494461786e+00 4.226942694026921028e-03
4.472135954999578722e+00 3.371109247702039607e-03
5.460725310474971117e+00 2.782690353129954521e-03
6.667847582568580123e+00 2.675314905092461299e-03
8.141810630738087085e+00 2.059214876384411405e-03
9.941601022809212651e+00 1.924955412000418919e-03
1.213924462005834393e+01 1.544077301099504307e-03
1.482268898213895270e+01 1.366785082577251596e-03
1.809932294289391663e+01 1.201045927348397702e-03
2.210027420705515055e+01 1.051634408341872761e-03
2.698565695347125981e+01 8.694323508746098095e-04
3.295097944884130925e+01 7.206182428366321143e-04
4.023496809842519184e+01 5.944430344587649977e-04
4.912912104463160290e+01 4.719385061475231250e-04
5.998937363920854438e+01 3.627922438682186067e-04
7.325034262988924638e+01 2.590429525059666964e-04
8.944271909999159220e+01 2.057280105732021372e-04
1.092145062094994330e+02 1.709145844839020975e-04
1.333569516513716167e+02 1.427994213172090253e-04
1.628362126147617346e+02 1.253302803357065742e-04
1.988320204561842104e+02 9.192328362560921217e-05
2.427848924011668430e+02 0.000000000000000000e+00
2.964537796427790113e+02 0.000000000000000000e+00
3.619864588578782332e+02 0.000000000000000000e+00
