1.181779290956937123e+00 1.544187188298737877e-02
1.650475667020468551e+00 1.272244891645376089e-02
2.305058100333493787e+00 9.285292355655444876e-03
3.219249427351394743e+00 6.615480319304014624e-03
4.496011130479917739e+00 5.509042606361804970e-03
6.279139452089698814e+00 4.161472471614450878e-03
8.769460553933432934e+00 3.571442039976422973e-03
1.224744871391588852e+01 2.753185616792091367e-03
1.710481495155586629e+01 2.190294397394064885e-03
2.388862377472441878e+01 1.729712857487842453e-03
3.336290672927862033e+01 1.322774173157890672e-03
4.659471202373124754e+01 9.363935430249595163e-04
6.507428163233632290e+01 6.049258882978574437e-04
9.088289091276841702e+01 5.685860535531682414e-04
1.269272538009517319e+02 3.722351102988454181e-04
