1.181779290956922912e+00 1.775519476381419697e-04 2.242057262173173190e-04 7.090007592988504875e-05
1.650475667020479875e+00 7.898842544356386025e-03 5.122737714638273291e-04 1.619951903390262887e-04
2.305058100333478244e+00 6.270141353281642564e-03 3.860854214504336754e-04 1.220909303169399852e-04
3.219249427351372539e+00 4.538542142430421200e-03 2.883986047114642107e-04 9.119964649027943358e-05
4.496011130479927509e+00 3.686715246759426825e-03 2.614250181573484258e-04 8.266984947280957622e-05
6.279139452089679274e+00 2.930360271561004062e-03 2.274849235215527080e-04 7.193704916773184261e-05
8.769460553933537739e+00 2.441701132924224693e-03 2.012225673329319411e-04 6.363216293986581325e-05
1.224744871391589918e+01 2.048802843380444650e-03 1.903689353482094257e-04 6.019994314416811490e-05
1.710481495155567089e+01 1.703119460554511095e-03 1.730169922263693843e-04 5.471277693469740484e-05
2.388862377472457510e+01 1.371001691705164014e-03 1.506672908569937897e-04 4.764518079951629738e-05
3.336290672927862033e+01 1.071514230865299074e-03 1.341954200381245471e-04 4.243631788834733036e-05
4.659471202373141097e+01 8.188905538975065979e-04 1.228953389025946353e-04 3.886291847504969331e-05
6.507428163233633711e+01 5.954523061617917777e-04 1.116958289471486286e-04 3.532132246135566845e-05
9.088289091276911336e+01 4.477401881079198310e-04 1.101784151264200161e-04 3.484147407870358140e-05
1.269272538009522293e+02 2.944398887623818502e-04 1.066218358579057386e-04 3.371678496195951429e-05
