1.181779290956937123e+00 1.065645962018532678e-02
1.650475667020468551e+00 7.468616524749478215e-03
2.305058100333493787e+00 5.514493152963295328e-03
3.219249427351394743e+00 4.271497536206163639e-03
4.496011130479917739e+00 3.008444061535793697e-03
6.279139452089698814e+00 2.458385682743237811e-03
8.769460553933432934e+00 1.852684001932086277e-03
1.224744871391588852e+01 1.470552780669061050e-03
1.710481495155586629e+01 1.206293740746813056e-03
2.388862377472441878e+01 9.375061085907630690e-04
3.336290672927862033e+01 7.195479823133567017e-04
4.659471202373124754e+01 5.203517576558267009e-04
6.507428163233632290e+01 3.486554651451827485e-04
9.088289091276841702e+01 2.203306480644570784e-04
1.269272538009517319e+02 1.921150106969277181e-04
