1.181779290956937123e+00 1.027892754467794358e-02
1.650475667020468551e+00 7.460917157717772072e-03
2.305058100333493787e+00 5.476273119134102141e-03
3.219249427351394743e+00 4.420642755714208026e-03
4.496011130479917739e+00 3.069415569509500140e-03
6.279139452089698814e+00 2.513272870778120172e-03
8.769460553933432934e+00 1.952746714830127812e-03
1.224744871391588852e+01 1.521570851630157971e-03
1.710481495155586629e+01 1.280744654441348229e-03
2.388862377472441878e+01 8.961208105057187796e-04
3.336290672927862033e+01 7.310586360923259806e-04
4.659471202373124754e+01 5.308613179390629742e-04
6.507428163233632290e+01 3.526092123452703665e-04
9.088289091276841702e+01 2.335776611594506775e-04
1.269272538009517319e+02 1.950558868676674073e-04
