1.181779290956937123e+00 4.203534742034172045e-03
1.650475667020468551e+00 3.047906694130880778e-03
2.305058100333493787e+00 2.224030912154815760e-03
3.219249427351394743e+00 1.819433943804106991e-03
4.496011130479917739e+00 1.296706334332981339e-03
6.279139452089698814e+00 9.493453593946550801e-04
8.769460553933432934e+00 7.632667557369705825e-04
1.224744871391588852e+01 6.145282740845481708e-04
1.710481495155586629e+01 4.951423257649003630e-04
2.388862377472441878e+01 4.088837760893828310e-04
3.336290672927862033e+01 3.061414431536020391e-04
4.659471202373124754e+01 2.138563103876808965e-04
6.507428163233632290e+01 1.477344796601081874e-04
9.088289091276841702e+01 1.517491973930760465e-04
1.269272538009517319e+02 1.018819845903545009e-04
