1.105013710352757528e+00 1.082167697772099674e-02
1.349282847673563213e+00 9.160778925601575917e-03
1.647548972442065551e+00 7.582802943083012323e-03
2.011748404921259947e+00 5.946729862872837842e-03
2.456456052231580589e+00 4.847238121963057950e-03
2.999468681960427041e+00 4.379896883554413971e-03
3.662517131494461786e+00 3.853612415020335556e-03
4.472135954999578722e+00 3.038753334880965780e-03
5.460725310474971117e+00 2.563404655808740676e-03
6.667847582568580123e+00 2.277109967317272974e-03
8.141810630738087085e+00 1.875095291484909577e-03
9.941601022809212651e+00 1.616550515652743179e-03
1.213924462005834393e+01 1.428207674595893817e-03
1.482268898213895270e+01 1.252678640538964008e-03
1.809932294289391663e+01 1.072591091569864881e-03
2.210027420705515055e+01 9.691174802645570983e-04
2.698565695347125981e+01 7.917316808476552179e-04
3.295097944884130925e+01 6.600477935121254512e-04
4.023496809842519184e+01 5.336788869903197298e-04
4.912912104463160290e+01 4.204343443847814547e-04
5.998937363920854438e+01 3.262702229854328308e-04
7.325034262988924638e+01 2.454499826798418644e-04
8.944271909999159220e+01 1.873398917047219326e-04
1.092145062094994330e+02 1.580997564376808093e-04
1.333569516513716167e+02 1.372272522409867708e-04
1.628362126147617346e+02 1.180850768882498819e-04
1.988320204561842104e+02 9.190058457687050992e-05
2.427848924011668430e+02 0.000000000000000000e+00
2.964537796427790113e+02 0.000000000000000000e+00
3.619864588578782332e+02 0.000000000000000000e+00
