1.181779290956937123e+00 1.132061080750445745e-02
1.650475667020468551e+00 7.756450786104043642e-03
2.305058100333493787e+00 5.218859263827721993e-03
3.219249427351394743e+00 4.403677242827752636e-03
4.496011130479917739e+00 3.476440783344008929e-03
6.279139452089698814e+00 2.868778709552056213e-03
8.769460553933432934e+00 2.175164487136637282e-03
1.224744871391588852e+01 1.701781611854585961e-03
1.710481495155586629e+01 1.441625005284003468e-03
2.388862377472441878e+01 1.148123989557254523e-03
3.336290672927862033e+01 8.442227155853644508e-04
4.659471202373124754e+01 6.006536307151406342e-04
6.507428163233632290e+01 4.073068079656588076e-04
9.088289091276841702e+01 2.514589299802515296e-04
1.269272538009517319e+02 2.070625667071914183e-04
