1.181779290956916917e+00 5.504329965493536762e-04 9.883165624834480342e-03 3.125331386715814175e-04
1.650475667020440351e+00 1.148671941560034000e-02 5.084767793465782421e-02 1.607944760042050820e-03
2.305058100333515547e+00 9.280871779387751819e-03 4.300130771543806546e-02 1.359820747465559582e-03
3.219249427351344561e+00 6.328041748592516495e-03 3.046357252542236660e-02 9.633427484606237262e-04
4.496011130479927509e+00 4.753509219956811825e-03 2.465260733408084284e-02 7.795838943746699525e-04
6.279139452089781415e+00 3.410038829847451391e-03 1.906504604592174426e-02 6.028896920109983164e-04
8.769460553933528857e+00 2.631713970002945088e-03 1.609981774577194311e-02 5.091209399023705106e-04
1.224744871391571266e+01 2.011925271649505319e-03 1.367554934191274676e-02 4.324588417446106306e-04
1.710481495155556431e+01 1.512291214817283779e-03 1.176807602256496957e-02 3.721392390932036325e-04
2.388862377472463194e+01 1.111741521227837008e-03 1.071986100620892814e-02 3.389917698004461734e-04
3.336290672927862033e+01 7.481354694139840614e-04 9.162496145107701037e-03 2.897435687105297535e-04
4.659471202373191545e+01 4.739469713196675931e-04 7.815268429495080341e-03 2.471404876281151010e-04
6.507428163233454654e+01 1.888043253404277110e-04 6.220303684645425366e-03 1.967032738141728365e-04
9.088289091276736542e+01 -1.576379718027100490e-05 5.141734783068870399e-03 1.625959303900939850e-04
1.269272538009529114e+02 -1.971265446287462456e-05 5.020171352926510421e-03 1.587517571957677278e-04
