1.153262130420834808e+00 0.000000000000000000e+00
1.533854250315950685e+00 1.441134262818197509e-01
2.040046923550489666e+00 1.184449524655977887e-01
2.713290033541681190e+00 9.017257195754378729e-02
3.608712486526497898e+00 6.754003463080000824e-02
4.799636474326143265e+00 5.382357096622983339e-02
6.383581504952553054e+00 4.006955252094254738e-02
8.490249844618388053e+00 3.115180617462792040e-02
1.129214726374491029e+01 2.493026948082994673e-02
1.501870877297286455e+01 2.021689976721233878e-02
1.997508604334010229e+01 1.590127539621430039e-02
2.656713492952695788e+01 1.240017594311378958e-02
3.533464921414027060e+01 9.572199414007422080e-03
4.699556193764453838e+01 7.332005153018336663e-03
6.250473376572107043e+01 5.386079567193355865e-03
8.313214231393634179e+01 3.830332511910691448e-03
1.105668750083481200e+02 2.370462333948613817e-03
1.470554409983280664e+02 1.325514738809199658e-03
1.955857278735605860e+02 6.521829368600556365e-04
2.601316665886942019e+02 3.809845229341739465e-04
