1.105013710352757528e+00 1.086071227161611828e-02
1.349282847673563213e+00 9.507483574659058786e-03
1.647548972442065551e+00 7.338568340043446700e-03
2.011748404921259947e+00 6.185646617378948685e-03
2.456456052231580589e+00 5.046917941377008186e-03
2.999468681960427041e+00 4.499282859880269700e-03
3.662517131494461786e+00 3.866988875753308002e-03
4.472135954999578722e+00 3.064766787615804625e-03
5.460725310474971117e+00 2.538864181586306373e-03
6.667847582568580123e+00 2.287996518406016071e-03
8.141810630738087085e+00 1.909824812628482804e-03
9.941601022809212651e+00 1.718333850630544357e-03
1.213924462005834393e+01 1.419795798103686392e-03
1.482268898213895270e+01 1.298047735066499295e-03
1.809932294289391663e+01 1.060906974758730678e-03
2.210027420705515055e+01 9.088400815719946619e-04
2.698565695347125981e+01 8.115859784854421695e-04
3.295097944884130925e+01 6.768871543514186221e-04
4.023496809842519184e+01 5.330136352403022420e-04
4.912912104463160290e+01 4.313811594204265080e-04
5.998937363920854438e+01 3.052430142162283646e-04
7.325034262988924638e+01 2.465233752159831865e-04
8.944271909999159220e+01 1.872217061717859252e-04
1.092145062094994330e+02 1.618817071702698563e-04
1.333569516513716167e+02 1.423945966332447141e-04
1.628362126147617346e+02 1.198846012471337785e-04
1.988320204561842104e+02 9.587462805518412381e-05
2.427848924011668430e+02 0.000000000000000000e+00
2.964537796427790113e+02 0.000000000000000000e+00
3.619864588578782332e+02 0.000000000000000000e+00
