1.105013710352757528e+00 1.083690728926397021e-02
1.349282847673563213e+00 9.335344052446091501e-03
1.647548972442065551e+00 7.598142226401737205e-03
2.011748404921259947e+00 6.101409409741170159e-03
2.456456052231580589e+00 4.916018660160973060e-03
2.999468681960427041e+00 4.441155066067123576e-03
3.662517131494461786e+00 3.948075955720551852e-03
4.472135954999578722e+00 3.108500413066537290e-03
5.460725310474971117e+00 2.602172243366607501e-03
6.667847582568580123e+00 2.313083798372755993e-03
8.141810630738087085e+00 1.919824554843913749e-03
9.941601022809212651e+00 1.661572467136955252e-03
1.213924462005834393e+01 1.498220616498895747e-03
1.482268898213895270e+01 1.314247448767587485e-03
1.809932294289391663e+01 1.129288244079794347e-03
2.210027420705515055e+01 1.018109763217579745e-03
2.698565695347125981e+01 8.699893248365605852e-04
3.295097944884130925e+01 7.468931828687274234e-04
4.023496809842519184e+01 6.190040061824335100e-04
4.912912104463160290e+01 5.007196781117523527e-04
5.998937363920854438e+01 3.946573120224089676e-04
7.325034262988924638e+01 2.995924468962883678e-04
8.944271909999159220e+01 2.282971881323581889e-04
1.092145062094994330e+02 2.025929372927198118e-04
1.333569516513716167e+02 1.839203593134869103e-04
1.628362126147617346e+02 1.372008628277263413e-04
1.988320204561842104e+02 8.868601299907754709e-05
2.427848924011668430e+02 0.000000000000000000e+00
2.964537796427790113e+02 0.000000000000000000e+00
3.619864588578782332e+02 0.000000000000000000e+00
