1.112823682255897451e+00 4.629806735314215694e-05 9.038115408987000131e-05 2.858103044786318379e-05
1.340637251636573435e+00 1.879072644983081910e-06 1.818612197083524897e-04 5.750956723346964161e-05
1.705346911068393423e+00 7.369701157938207529e-05 8.480652758462771954e-05 2.681817876173216562e-05
2.013926105310717141e+00 3.047385062968781288e-06 1.180167885534135690e-04 3.732018539672749935e-05
2.514855530499629399e+00 3.215688534952790446e-05 3.992475585836409788e-05 1.262531635385814050e-05
2.986101099522927349e+00 2.584339107440365799e-05 6.151815826259945323e-05 1.945374975685210440e-05
3.653993547559281296e+00 2.760460913917720454e-05 6.942513498661298597e-05 2.195415534223403754e-05
4.498769573925772924e+00 2.934727727457315643e-05 5.417192607122823378e-05 1.713066716233380493e-05
5.497968201453345749e+00 3.078511122940343184e-05 5.479092826451966916e-05 1.732641284307787614e-05
6.723587913188074694e+00 3.120901940608273055e-05 5.461166363675464951e-05 1.726972439031390424e-05
8.214930782513457430e+00 3.226929002696973114e-05 5.332890592016573529e-05 1.686408078325613206e-05
1.001928825888315444e+01 3.143267853315303824e-05 5.397272494989806301e-05 1.706767423674751611e-05
1.223981792714305605e+01 3.116831250676178465e-05 5.430572879639689152e-05 1.717297929920085197e-05
1.494607882873355287e+01 3.003991469793981228e-05 5.166964292332059593e-05 1.633937575252938958e-05
1.824746871076916221e+01 2.800191349045774079e-05 4.774681421072998619e-05 1.509886839228015285e-05
2.228049223518291555e+01 2.684230282116446036e-05 4.745143411086215639e-05 1.500546100317311982e-05
2.720683569294779858e+01 2.766434666611321280e-05 4.735383406286551838e-05 1.497459715803200664e-05
3.322107629502909276e+01 2.817010861903976386e-05 4.528553453637688335e-05 1.432054341931682209e-05
4.056643263216979989e+01 2.674843960679468068e-05 4.578478222306803745e-05 1.447841939996823988e-05
4.953327060966668682e+01 2.502878277396846534e-05 4.760395093233820812e-05 1.505369105690847939e-05
6.049267761081738115e+01 2.685252940018035016e-05 5.013274608075264611e-05 1.585336629740579712e-05
7.385257718081919620e+01 2.737799522045136723e-05 5.109713196126719243e-05 1.615833188997909206e-05
9.015648334720050627e+01 2.516957307267196067e-05 4.809710180608597197e-05 1.520963905602298703e-05
1.100415281018726574e+02 2.425497772235686445e-05 4.470896306102492963e-05 1.413821550971724023e-05
1.344006699103388769e+02 2.157667573939112403e-05 3.575595882523607187e-05 1.130702698109444402e-05
1.640485829720448692e+02 1.722706209095735487e-05 2.505832684419738053e-05 7.924138718060297018e-06
2.003133480029547968e+02 1.569845341135613353e-05 2.220517889183060072e-05 7.021894114967835186e-06
2.445089921067990986e+02 1.803286003583353097e-05 2.702316279512212153e-05 8.545474401410797809e-06
2.985069640432820393e+02 1.972091011741160433e-05 3.823349009120820122e-05 1.209049115856967795e-05
3.643852765579416655e+02 1.916534526942885862e-05 4.508966903381517969e-05 1.425860530900196918e-05
