1.181779290956936901e+00 4.411880127967113918e-06 1.210646587990976230e-04 3.828400659562935821e-05
1.650475667020468773e+00 4.994970836554793318e-05 1.462340655603339861e-04 4.624327186770422956e-05
2.305058100333494231e+00 8.143584795189022448e-06 5.840270500342718618e-05 1.846855693257418217e-05
3.219249427351393855e+00 -6.504226981475358976e-06 3.657816066074557948e-05 1.156703003075255770e-05
4.496011130479915074e+00 -5.088162662234878130e-06 3.482461809861550715e-05 1.101251118371472262e-05
6.279139452089696150e+00 -8.279177129246826896e-06 2.944813657368449046e-05 9.312318442054985524e-06
8.769460553933431157e+00 -8.469141542563378628e-06 2.778838581090450050e-05 8.787459166196327453e-06
1.224744871391589562e+01 -7.632781963278412855e-06 2.943230955204290239e-05 9.307313498358567115e-06
1.710481495155585563e+01 -5.274452234330873319e-06 2.761640340586836965e-05 8.733073554457549274e-06
2.388862377472441167e+01 -2.917997991407919919e-06 2.731490464197884672e-05 8.637731273895926814e-06
3.336290672927862033e+01 -1.423700849398837036e-07 2.695244330818451898e-05 8.523110936042662978e-06
4.659471202373126886e+01 3.042110991792599873e-06 2.508580986610758125e-05 7.932829612682351894e-06
6.507428163233633711e+01 1.839517537996603199e-06 2.365308622134556620e-05 7.479762615179758563e-06
9.088289091276847387e+01 1.211821202704270018e-06 2.154407918310070850e-05 6.812836030961798986e-06
1.269272538009517746e+02 2.483639993446006414e-06 1.911806232618839526e-05 6.045662139981227924e-06
